0.6069444
1.340252
5.234804
2.547470
4.736555
3.940902
-0.5073748
0.6392393
0.1978799
0.5769913
0.4359624
-0.5089882
1.196765
0.9773932
1.398467
0.6667735
1.090405
-0.6691109
0.2499476
0.5833898
1.438216
1.256953
0.6277912
1.457552
1.167046
1.551608
2.414986
0.1748212
0.9045202
1.111842
2.096965
1.138215
-1.180378
0.923399
0.2395748
1.521887
1.274771
1.658415
1.887491
-1.133530
0.7119021
0.4076875
-0.006954213
0.3142823
-0.2095331
-0.3120762
-2.025132
-0.6700851
0.1728821
0.7203625
-2.910531
0.3686427
0.4548126
0.3698313
-0.1951126
-1.125838
-0.6205077
-1.247178
2.459460
1.642024
2.856804
1.085423
1.101380
1.799
0.7442005
0.9948203
2.228386
-2.224016
-0.2756153
-0.7313216
0.1009939
-0.08823509
-2.137577
-0.5512298
-0.314251
-1.177363
-1.867090
0.623766
0.7760699
1.382553
0.9253754
0.9715024
1.425002
1.184659
1.477276
-0.08362824
-0.4682369
-0.9414327
-0.3731455
1.126988
-0.5821762
-0.8345022
-0.2453882
-0.1280064
0.8671622
-1.898276
2.496235
0.8183332
1.007455
-0.6930554
1.346125
0.9979488
-0.557166
0.7669813
0.5079399
1.137434
0.07420884
1.705083
0.5283075
0.7629383
-0.3000459
0.6051858
0.2708912
1.708441
-0.1350609
0.4627622
0.8363776
0.7306512
-0.8219095
-0.5275906
0.2492373
1.882979
0.8955158
1.176304
-1.425184
-0.4434254
0.7283072
0.07505169
-0.4464765
-1.052098
-1.843806
-0.2685906
-0.7153617
0.2230608
-0.04877091
-1.174517
0.1257155
0.7998894
0.1326266
-0.2174847
0.9195735
0.4779228
-0.3186303
1.094357
1.480993
1.316806
0.1634450
-0.7549768
3.337942
2.593148
0.8434638
1.309222
0.5759788
0.6310834
0.4080848
-0.4743155
1.133779
0.6032346
0.2386383
-0.5357351
0.1491967
-0.9744801
-1.77408
-0.08998025
-1.456056
-0.2359711
0.2261259
-0.2394287
0.6972452
-1.230763
-0.6399803
-0.2038825
-0.5810358
0.9777895
0.6018833
0.1626582
-0.3858818
0.7209541
-1.642557
0.3183412
-2.496412
-0.3037415
-0.7372462
-0.6208014
-2.23093
-0.6696169
1.109417
0.332521
0.763906
-2.028363
-0.00931512
-1.307110
0.291585
-1.262184
0.1026175
-1.761662
-0.4111500
0.3103904
0.1363041
-0.4786109
0.1680421
-0.828854
-1.005938
-0.7615916
0.4440833
-1.523851
0.1661108
-0.1393401
-1.569880
-0.897866
-1.249697
-0.7885785
1.453137
-0.7849185
-0.4817735
-0.4377542
-0.7379535
-2.388966
-0.3834592
-1.054571
0.8031002
1.006005
0.2062033
-0.5394015
0.922444
-0.5159002
0.3587823
1.245141
2.971127
0.8978983
1.116074
1.233515
0.8632788
-2.166478
1.773454
-1.107102
1.154833
0.6709093
-0.3273687
0.8086085
-0.2854477
0.7886406
1.654201
-0.7541349
-0.7041926
-0.1191719
0.3325115
0.4379357
1.447158
0.3321642
-1.188258
-0.5293108
-0.01116914
-0.1295589
3.439386
1.122769
0.3726822
-0.9119215
0.6051549
-2.170814
0.5571955
-1.106824
-0.7086748
-0.1884852
-0.535411
0.8284626
-1.907956
0.5299178
0.3957851
0.9100449
1.388240
-0.5115086
-0.339071
0.6792244
0.6133169
1.154758
-0.6241101
-1.464836
0.666231
0.1985143
0.1329980
-0.7554214
2.041825
-0.001479043
-0.1547431
1.792706
0.9435437
0.99826
0.6996772
0.28841
-0.8036205
-0.3649752
1.031407
-0.2516151
0.5997889
0.5098004
-1.543503
0.5817172
-1.522426
-0.5628786
-0.788484
-0.5168915
0.1544135
-0.6069333
-0.2662584
-1.501781
0.9191544
-0.375762
0.8265051
-0.1729172
-1.484297
-0.1263045
0.2030099
0.3570259
0.3661596
1.137814
-0.2604101
0.854821
-1.624903
-0.6542849
0.56489
0.6774685
-0.2623982
0.4504517
0.4151922
-1.766930
-0.9818079
-0.2991871
0.3272924
0.3548849
0.83897
0.4368313
-0.6809689
-0.6536656
-0.08694501
0.0896351
0.8362709
-1.768443
-0.563817
0.5292558
0.2313216
0.06413255
0.4983153
0.416722
0.1438730
-1.452737
-0.6938291
-0.7908529
1.513823
-0.5149575
0.1666471
0.5638715
0.3919048
0.8367773
0.5877599
0.9527042
0.3531268
0.4728863
0.2324284
-1.003348
0.4172111
-0.5526316
0.1719542
0.2496382
0.8280497
1.744914
0.7198553
-0.09696775
1.151476
0.6854059
-0.916792
-0.1350179
0.4312608
0.3822279
0.5098504
0.2964270
-0.600299
-0.9183565
-0.5457013
-1.245272
-0.936347
-0.09578298
-0.08470135
0.7091683
0.1123258
-0.4281255
-0.2023988
-0.4654599
-0.2351678
-0.5787492
-0.4476879
-0.2493593
0.07076212
-1.710876
0.1601357
0.7967248
0.7747997
-0.2530657
0.6446124
0.4138898
-0.8232025
0.3799163
0.7110826
0.06278185
-0.4553233
0.08449272
-0.07290608
-0.494818
1.293636
-0.7228255
-1.310564
-0.1059991
0.7122767
-2.214186
0.2265066
-0.07709779
1.745308
-1.656675
-0.1290010
-0.2011161
0.4639097
0.317069
1.245089
-0.1315885
-0.5048269
0.3642934
0.2680265
0.06042288
0.0292902
0.5663674
-0.008353983
0.3872843
0.841902
0.0504845
0.6710826
0.02040251
0.4678123
0.6474986
-0.4601822
0.1583389
0.03472099
0.1648214
0.47506
-0.7016099
0.3842778
-0.1738508
0.2366316
-1.108550
2.195583
-1.464818
-1.659667
-1.297613
-0.05125486
-0.9871695
0.177904
0.3726946
-1.273993
0.7812603
-0.06237929
-0.2880021
-1.540043
0.03514042
-1.439985
-1.219766
-0.1669194
1.534407
-2.128353
1.080456
0.5799479
-0.764884
0.05997854
-0.3025221
0.5437684
0.5369421
-1.067459
-0.6354263
0.1402496
0.257767
0.6530778
0.472363
0.2222823
0.5290076
0.05470444
0.4968721
-1.148165
-0.2881429
-0.3593874
0.4362485
0.2172791
0.4257365
0.05855338
-2.15018
0.1612914
-1.257067
-1.113972
-2.698406
-1.896053
-0.6898206
-1.635792
0.01384525
-1.337059
0.2260552
-0.5530971
-1.059074
-1.005390
0.3773182
-0.1763285
-0.1051875
-0.3846887
0.730212
0.672656
-0.5547715
0.1311745
-1.549646
0.08549855
0.3405885
0.0947997
-1.829488
-0.7981526
-0.1529936
-0.4882048
2.209047
1.894844
-1.526270
-1.738667
-1.015787
-0.561743
-0.3304835
-0.7748352
-0.4757459
-1.949075
-1.596699
-1.060962
0.2116275
-1.572221
-0.3457359
-0.5826361
0.6590604
0.1926156
0.4574049
-0.5727846
-0.3212986
-0.3524302
0.2270633
-0.06960924
-1.092494
-0.07409185
-0.5544974
0.1349040
-0.8517439
-0.5870241
-0.3075638
-0.2156638
-0.4982835
-0.2297817
-0.6886864
0.7876206
0.4118823
-0.2707082
-0.2060537
0.4170267
-0.4098924
-0.1123326
-0.9786657
-1.630713
-0.6673801
-0.6195299
0.93328
1.879089
-0.5472914
2.142598
-0.6791149
-0.5995192
-0.02644272
-0.8725828
-0.3239709
-0.7098619
0.1596120
-0.2536519
0.2196956
-1.344546
0.1508520
-1.965316
-0.9505684
-0.2602137
-0.8360158
1.097464
-0.6442248
-0.6709487
-0.7003311
-0.7859741
-0.09020652
-0.9346455
-0.5376347
-0.6077494
0.07019284
-0.5497796
-0.1683203
0.5811609
-0.1655220
-0.1263574
1.208257
0.1528119
-0.4886793
-1.206892
0.0741206
-0.3798249
0.6250752
-0.02615805
2.271181
-0.2119461
-0.02322627
-0.3613708
1.108325
-0.5935753
-1.503211
1.044422
0.3208069
-0.7603063
-1.216724
-0.7255968
-0.862312
0.04444331
-0.09399929
0.3323529
0.721159
0.2311027
-0.3415642
-1.373452
-0.06732419
0.3546854
-0.4195096
0.287354
-0.6473442
0.05038551
0.8082823
0.9407809
-2.113773
-0.2350198
-0.4319588
-0.3439653
-0.3637894
-0.515788
1.237354
3.994219
1.425470
-1.607378
1.81044
-0.9948839
1.78691
-1.896371
0.5750281
1.456880
0.4479066
0.06286408
1.696933
-1.220672
-1.137522
-0.5575832
0.01719063
-0.7641314
0.753187
1.963636
0.5922072
0.679679
0.4283991
-0.9872186
-0.2595335
1.126417
0.7838037
0.5047665
0.458023
0.7530058
1.141310
-0.2659841
-0.8940172
0.1900921
-0.5789358
0.07005162
-0.8374324
0.2077052
0.980332
0.1520653
0.1983569
0.6464078
0.3118866
-1.432377
0.4760622
0.8741999
-0.4383328
1.458203
-0.5659105
-1.086656
0.1902599
-0.8893461
0.847906
1.913939
-1.881332
0.506942
-0.9244775
1.529698
-1.488569
0.1010586
-1.129354
-0.4586284
-0.4535586
-0.608811
-1.767586
0.1285203
1.948697
-0.02876221
0.1126183
-0.04492082
0.09934266
0.01844937
-0.1350981
-0.913591
0.1564049
-1.171588
0.542194
1.238415
-0.05026207
-0.6998893
0.1033372
1.446403
0.5771899
0.8192025
-2.323553
0.1696876
0.9722342
0.2445488
0.3318241
-0.1510924
-0.6764794
-0.857443
0.2644795
2.750722
1.834655
-1.024034
-0.883354
-1.887843
-0.9293429
1.491662
-1.524701
-1.634492
-0.4478944
-0.7290623
-0.6169259
1.438952
-0.1566331
0.4170059
-0.3303593
-0.6542883
-0.5444718
0.9905778
-0.3525516
-0.4362174
0.3354353
0.03506462
-1.066494
-0.05973426
0.2862439
1.039539
-0.66857
0.2095929
0.02793506
-1.062041
-1.396034
0.6407919
-0.01370984
-0.2528821
-0.0616023
0.045784
-0.5927944
-1.788303
-0.001387855
0.1299087
0.5192272
1.491052
0.6098972
-2.057229
-0.873017
-0.6457014
0.4933737
0.1082489
0.2800094
0.6800193
-0.2560253
-0.730452
-0.4225137
-0.394327
-0.1783714
0.6294218
-1.094252
-0.8080108
-0.2824391
-0.4618397
0.2050260
0.5920362
0.3711027
-0.4503338
-0.7229044
-0.5413934
0.1382881
-0.4945577
-0.6897344
-0.8621126
0.2455610
-0.2900246
-0.1009176
0.1147351
-1.081030
0.2509394
0.4168594
-0.1205913
0.3089842
1.925714
-0.3595537
-1.818489
2.198375
0.3623134
-0.1041868
-0.1127253
1.078668
1.223524
-0.3284897
1.450532
0.935903
-1.658169
-1.615409
0.32776
-0.446887
0.2612056
-1.598630
0.04210745
-0.1808642
-0.1209894
-1.944795
0.01347954
1.020261
-0.8053274
-0.4231233
0.05561183
1.991304
-0.1850161
0.4777564
-0.199412
-0.07629064
-1.905797
-0.1785765
0.5822376
-0.6446735
0.9170978
-0.7778183
1.415795
-0.1725518
-1.775566
-0.2572430
-0.9220161
-0.7890104
0.3801623
0.3355432
-0.0447473
-1.059860
-0.3555936
0.3103542
-2.02911
-0.2424216
0.2868335
0.01332448
-0.6922524
-0.1381866
1.230974
0.9219703
1.180117
0.7890962
-0.585609
-0.3300378
1.231174
0.468436
0.1587366
0.6381152
0.432752
-0.793625
1.514143
1.509490
0.1421677
0.4350602
-0.881131
1.077765
2.401081
0.5086356
0.2252843
-0.06663168
0.4557356
0.62421
-0.55927
0.04406565
-0.1926794
0.9647662
0.464322
0.5950197
-0.1226603
-0.617948
0.3365233
-0.02757215
-0.01611522
-0.895493
-0.4943037
0.03791601
-0.4534822
0.2204163
-0.4166331
0.07645218
0.4223331
0.6049848
-0.1937368
-1.110983
-0.01856486
-0.03289896
0.5970813
0.3345950
-0.09216687
0.6419038
0.6624734
0.634524
-1.563143
1.072940
-0.2315316
0.1137316
2.319766
1.151612
0.6342512
-1.738206
1.100214
-1.491748
-0.4049518
-0.8363147
0.2980129
1.040126
0.7691455
0.2762380
0.02493351
-0.4949488
1.338865
2.173224
1.286090
0.3199958
-0.3331358
0.4861909
-0.2679769
0.5921083
1.689641
0.8202177
1.284867
0.1007068
0.1914749
-0.2978689
0.1262183
-0.1248151
-0.5245715
0.2835187
-0.40223
-0.1630832
0.4019264
-0.5274357
-0.4377905
-0.5970372
-0.8355699
1.218660
0.4380046
-0.2857432
-0.9349952
0.1039973
1.017373
-1.014955
0.2214994
-0.1525431
-0.1828741
-2.411989
-0.2534747
-0.4325047
-1.082869
-0.1897386
-0.09575572
-0.3222205
0.2089738
-0.289534
1.039382
0.3374544
0.2579127
0.2480997
0.04850842
-0.1166227
0.5431653
-0.7409732
-0.995255
-0.9114488
-0.6220331
-0.8354485
-0.4162677
0.1198977
-0.7002164
0.5953385
-0.1763575
-0.3958128
-0.1785318
-0.06110345
-0.04582309
-0.5240147
1.261725
-0.718847
0.07408442
-0.3518993
0.4023089
0.2694517
-0.7690566
-1.139830
0.04965929
-0.2131311
-0.1536597
-1.017024
-0.6683148
-0.06075677
-0.0540602
0.1101184
0.5220379
0.5592554
0.1912372
0.06608473
0.02535682
0.5164557
0.2209859
-1.741836
0.5003184
0.3396897
0.3100391
-0.5671585
0.01840162
0.2168181
0.08576044
1.145725
1.066079
0.2241887
0.8053126
-0.2812635
-0.215439
0.2082353
-0.2036767
0.4317405
-1.182216
0.008226604
-1.302284
0.06007188
0.4572899
1.227726
0.6423333
-0.1802386
0.754133
0.5587673
0.1717626
0.8271927
0.4779292
0.9697147
-0.4257213
0.3229769
-0.02342104
-0.7498346
-0.1401562
-0.98948
1.407943
1.061240
0.1189405
-0.7889813
0.1967829
-1.470948
-0.3227912
-0.8551501
-0.3313457
0.2351782
-0.2967913
-0.4335043
0.1442439
-0.458054
-0.686507
0.8656039
0.2653329
-0.795597
0.1013781
-0.05728467
0.6043535
1.032786
0.2692604
-0.1026190
-1.600526
-1.623832
-0.7373764
-1.612452
0.7324725
0.7478981
0.565572
-0.693747
-0.1758382
-0.5729336
-0.4556206
-1.370486
-0.5270135
1.278853
0.2818845
0.6689589
-0.4017353
-0.09350486
0.443175
-0.366305
-1.164765
0.785423
-0.4492815
0.04644518
-0.7029064
0.8727546
-0.3822998
-0.2887034
-1.414103
-0.2892685
-1.016291
0.2144061
-0.2381559
-0.5884332
-0.6721681
0.3859199
0.3261876
0.4384932
-0.2207044
0.2770601
-0.2288654
0.5062642
-0.07139407
-0.3450116
1.137389
0.4759348
-1.577108
-1.004135
-1.691879
-1.452238
-0.2361587
1.052118
-0.9383845
-0.6363625
-1.874200
0.5140629
-2.797392
-0.822942
0.01636371
0.1287637
-0.2545596
-0.5800462
-0.7366045
-0.3212296
0.2733732
0.03008215
0.1202450
-0.2686272
-1.399852
0.3143938
0.1827286
0.5684876
-0.7857826
0.5061381
-0.1856133
0.5485305
0.211295
0.7105855
0.2144044
0.896499
-0.07886712
0.2382167
-0.9190037
-0.5299856
0.0821192
-0.5191535
-0.3158302
-2.022769
-2.313531
-0.4517663
-0.4225126
0.9923112
-1.192056
-1.058455
-1.398831
-0.8792264
0.2035204
-0.2680858
-1.312179
-1.718317
0.01364808
0.3880472
-1.197342
-1.099976
-1.116275
-0.01064699
0.7781156
0.6178001
-2.097034
-1.058949
-0.2419759
0.0989923
-0.6166548
-0.1511498
0.5985134
0.5919661
0.9492902
0.1709131
2.093107
0.4032887
-0.2076832
-1.146667
-0.1587918
1.724375
1.254733
-0.1874587
0.03367489
-1.677377
-2.027198
-1.394051
-0.2758947
-0.01206120
0.1187324
-1.358615
-1.927
-0.468965
-0.06408161
-0.2668569
0.1130498
-1.012739
-0.359741
0.3200618
-0.7017756
-1.773689
-1.64311
-1.133824
1.200093
-0.6058138
-0.1974024
-0.2587426
0.1553791
-0.1627563
-0.2207164
-0.1856704
-0.1962516
0.5056579
0.6496057
0.3080571
1.546488
0.275179
-0.8990958
1.016955
0.8012625
0.5280673
0.7468195
-0.9242885
-2.922775
-1.299426
-0.5418077
-0.7901206
-0.0433955
-0.7527828
0.8063069
-0.4817452
-0.5213818
0.6317395
0.9571145
0.5160287
-0.2005151
0.1674101
0.9678798
0.3316790
-0.4504775
-0.3944295
0.825718
0.3014552
1.622092
2.445667
5.183522
3.177536
5.36977
4.038321
4.436315
3.333302
0.1912871
0.6560247
0.1339913
0.9611657
0.3382493
-0.778244
-0.094644
-0.1096052
-0.5076461
0.1217917
0.4972442
2.696122
0.787677
1.728772
0.3479007
-0.7565802
0.34571
-0.6751972
1.319579
0.4045003
0.1491706
0.3764548
-0.2379867
0.3471751
0.05405859
0.4594243
0.6946627
1.032540
-0.3122161
0.2297376
-0.1350357
-0.2925598
-0.008232177
0.3577198
-0.2608565
-0.3352095
-0.7032159
1.123332
-1.639417
0.4973777
-0.9815022
-0.8182647
-0.8030974
0.5646376
0.2972820
-0.07944853
0.03687963
0.04098278
-0.4226453
-2.184576
0.9343329
-0.1001503
0.9498484
1.082949
0.3638968
1.545164
-0.07289546
-0.3547274
-0.1464547
-0.4923373
-0.3029433
0.5235616
0.6426038
0.9810235
0.8377216
0.8550165
-0.07170606
0.8659812
-0.9429028
1.524788
-0.9598846
1.180070
0.2925004
-1.265842
0.1251555
0.2421354
0.2144831
-0.7354914
-0.6756989
-0.7645762
-0.2231613
-1.397441
-0.56613
-2.496509
1.147112
0.4165354
-0.3386922
-0.01212718
1.027698
-0.1502131
1.08778
-1.017108
-0.468604
0.03859978
0.2516173
-0.4397861
0.5894674
-0.5995874
1.31326
-0.4865413
-0.2620499
-0.4916547
-0.4453202
-0.03910052
0.7553444
-0.3084338
-0.08627204
0.4216039
0.01086587
1.172209
0.1334355
0.6630008
0.634311
-1.218784
0.9188536
-0.6160845
-0.671085
0.5303196
0.1806802
-0.1044803
-0.642441
-3.39879
0.7903526
0.307047
1.996055
0.4639282
2.105672
-0.8198028
-2.018989
-1.756726
-1.051016
0.194976
1.096490
0.2262037
1.633978
0.1387100
0.8599981
0.2395434
-0.8294045
-1.99962
-0.05042636
0.6073699
-0.3989048
-0.986993
0.3210989
-0.2171142
-0.2768028
0.7079657
-0.7657219
0.5744315
0.5969627
0.0589052
0.00866613
-0.1592310
-0.1430751
-1.358482
0.5736245
0.5932285
1.440439
-1.195877
-2.158640
-1.144122
0.2457393
-0.3825849
3.19568
0.6769352
-1.120543
-1.418182
-2.178356
-1.636187
0.02972511
2.549058
0.272066
0.07493815
-0.490698
-1.288406
0.3503369
0.5626715
-0.08454523
-0.08586666
0.2210691
-0.09461634
-0.3324546
-0.4590883
0.1677847
-1.191950
-0.497928
0.4095072
-0.8672347
0.9668139
0.1244530
0.1124270
0.2549935
0.2547617
-0.4576527
-0.8757475
-0.02712176
-0.3581669
0.1294322
-1.148772
0.3000268
-0.1365870
1.090308
0.5468814
0.2915708
-1.073539
-0.4356147
0.4935736
1.617683
0.6944217
-0.413664
2.901676
-1.080314
0.4815587
-0.2040580
-0.5860142
-0.06260373
0.4568045
-0.783256
0.2307403
0.3372367
-0.1785059
-0.617415
-1.192774
0.05484746
0.007230914
2.080630
0.4125152
0.8189894
-0.1539627
-0.3794754
-0.3017152
1.323381
-0.2011836
0.04102919
0.6021655
1.048886
0.450259
0.8378327
0.2484751
-0.6681108
0.1271643
2.856731
-0.8190176
0.5662076
-0.2561304
1.578153
-2.400173
-0.8158762
1.430338
1.224413
-1.090124
0.03879385
-1.648088
0.7688339
-1.145095
0.3834616
0.9204406
0.7809798
-0.2527623
0.6442985
-0.5357792
0.8283628
1.634607
0.5142778
-0.928496
-0.6894518
-0.7045709
-0.2371142
0.2728145
0.08194179
0.08054458
0.7357585
-0.05708376
-0.1016416
-0.9472474
-1.010911
0.05310654
-1.506058
-1.371867
0.3018465
0.3608478
-1.734104
0.6766357
0.5839677
-0.4604757
-0.629441
-0.7992626
-2.013889
-0.5969885
-2.494184
0.329628
1.011391
-0.2586279
-0.799425
0.7139772
-0.884428
0.6137405
-0.2829928
-0.747333
-0.06645294
1.321293
-1.044944
0.4265501
0.2807643
0.5216476
0.0784205
-0.3300114
-0.7327153
-0.008047091
0.5744834
-0.3780751
0.724994
0.9795162
1.030479
0.02983900
-1.232574
-1.188430
-0.1111609
-0.6064993
-1.656516
1.404719
0.3619749
-0.3240630
0.534197
-0.1642187
2.10149
-0.9831373
-0.2805760
-1.217122
-1.6202
1.019905
-0.2172847
-2.436018
0.297091
-0.3859358
-0.3160842
0.2329563
-0.3095490
0.2123719
-0.4547772
-0.04363289
-0.3947946
0.8263189
-0.06175225
0.5909891
0.9093163
0.5038431
0.356647
-0.9781525
-1.293887
0.5133512
0.6691858
1.163199
1.092038
-0.5613762
-0.9254527
0.6147334
-0.5508378
-0.8554025
-1.333496
-0.6079319
-2.053284
-1.014177
-0.498739
-0.07276339
0.5692206
0.6485285
-0.2497462
0.007492765
-0.5526501
0.06370919
0.4452646
-1.423238
0.3360737
-0.579195
-0.8847608
-0.8814096
-0.1305852
-0.2737519
-0.3269302
-1.107495
-0.7661232
-1.373785
-0.3623276
-0.6279022
0.02403211
1.663389
-0.05084518
0.2706629
-1.648377
0.5933
0.0305191
1.105487
0.7644807
-0.2467600
-0.1082287
-0.9063685
0.1585714
-0.9836798
0.09334568
-1.197548
-1.183796
-0.2712146
-0.655347
-0.1729330
2.081802
0.1633798
0.5405558
0.4777795
0.03025036
0.3088737
-0.963287
-0.6039875
-1.505047
-0.1200881
-1.089573
1.502642
-1.090367
-1.236945
-1.310664
0.01247824
0.2298677
0.6350474
0.06364035
0.9966536
1.032353
-0.458345
0.1130192
-0.08392902
-0.8617832
1.790613
0.8355477
0.9498831
0.5089908
0.3896916
0.2462521
-0.3799594
0.6053944
-0.03973855
0.1339821
0.2637541
0.5022264
0.9735345
-0.7462524
0.5102197
0.9963722
0.618162
-0.05355266
-0.06971889
-0.5029687
-0.2770870
0.2866157
0.2623558
-0.5617717
-1.854259
-1.003551
-0.431228
-1.656281
-1.508355
-0.2613337
-0.4660484
-1.803653
-1.465059
0.7069151
0.5140028
-0.1779968
-1.293040
0.2620281
0.2441481
0.2889422
0.2833955
0.06830344
2.068799
0.6557689
0.5360332
-0.9341254
0.09156958
0.1990946
0.680539
0.4658513
2.075659
-0.9075336
-1.197724
-1.339215
-1.162454
-0.873599
-1.882865
-1.490498
-1.161157
-1.017101
-0.8005002
-1.541087
-1.101147
0.5318613
-1.433737
-0.8623169
-2.013908
0.8853287
0.8212928
-1.415765
0.05166644
-1.123736
-1.019283
0.8490613
-0.6657942
-1.317302
-1.332233
0.4264583
-1.984595
0.01386460
-0.9401172
-0.4445777
-0.05311236
0.9120307
0.6248629
1.219946
-0.6249607
-0.3181473
-1.288419
-0.7139781
-1.205283
0.3822453
-0.3156271
-2.179247
0.4500679
-0.5971458
-0.6910438
-0.4282036
-0.533547
0.07039395
-0.1568815
-0.5252853
-0.5360376
-0.1959703
-0.4770416
-0.905475
-0.827702
0.6727407
0.6780372
0.05390479
-1.253650
-0.6561308
-2.253254
-0.2805019
-0.9460365
0.05189085
-0.2799922
0.9676077
-0.7197545
-0.2862844
-0.100881
0.1009708
-0.1049383
0.778396
1.325382
-0.1262781
-0.1278506
-0.1376991
0.5099045
-0.8867643
-0.962299
0.4379788
-0.317006
-0.8034319
-0.1241013
-0.6284904
-0.4936474
0.04047699
0.06309128
-0.495629
-0.2164289
0.09359083
-0.003199615
-0.4294167
-0.2836180
-0.3477555
-0.7813073
-1.782875
1.741348
-0.6608514
-0.2978959
-0.0556539
1.126157
-0.5574264
0.7370058
-1.993283
1.846645
0.3895575
0.2649729
-0.2345552
0.1197816
0.2726508
-0.1898663
0.696114
0.9367754
0.6633258
0.8825069
2.379782
0.8620012
-0.07955588
-1.515818
-0.607582
0.524732
1.093019
-2.270425
1.589658
-0.766207
0.6258398
0.5066
-0.1871543
-0.2094201
-0.1770326
-0.6984728
-0.7050766
0.0555741
0.8425947
1.087821
1.034037
-2.240244
-1.968186
-1.798010
-0.08514132
0.5907353
-0.4993712
0.4936736
0.7064853
-0.2443831
-1.290362
1.105144
0.7432037
-0.04452725
0.513137
-0.6592728
4.454864
1.602826
1.472043
1.828540
0.2543224
0.4424089
1.657895
0.2341176
-0.4812895
-2.114001
-1.961189
-0.07787974
-0.3734302
-0.3144845
-0.2169104
1.601098
-1.174067
-0.4647017
-1.171250
2.048839
1.670613
0.396486
0.03613673
0.3837035
-0.1483195
-0.9064866
-1.832702
-0.7815092
-1.351281
-0.3934067
-0.2088859
0.1441901
-0.595736
-0.2303983
0.2419004
-0.1899018
-0.3365946
-0.2702458
0.3233502
-1.731735
0.1169278
0.7211652
0.1033563
-1.570142
0.1336408
0.9945824
0.2952901
-0.1673831
1.815239
-0.828269
-0.5364533
-1.29573
-2.134361
0.3159768
0.04442975
-2.479019
-0.5297519
-2.215254
0.9423597
-0.5436586
1.086820
-0.007094273
-0.1052287
0.9207189
-1.93467
0.09758175
-0.5863565
0.2746880
-0.1566926
1.670550
0.002617993
1.122882
-0.1513329
-0.3970432
0.8337443
0.7047112
0.3796451
-0.7798135
0.7199742
-0.03729936
0.1474341
-0.5706088
0.9905354
-0.1727278
0.9172987
0.7254788
0.6238418
-0.5981225
-0.1087011
0.1725555
-0.8925497
0.4667419
-1.171047
-0.9449102
-0.4472655
-1.494225
-0.3660062
1.215634
2.734235
1.040009
2.15413
-0.2545619
1.477464
1.051607
-0.8376595
0.9777354
1.886025
1.751196
-0.8729533
0.6532555
-0.06748766
-0.2533815
-0.06598832
-0.2573527
-1.619492
-0.1974061
-0.0822813
-0.4689247
-0.1646264
0.1004434
-0.1332789
-0.3222027
0.4858648
1.014415
1.253062
-0.2846923
1.659556
-0.3559276
-0.5270737
-0.2505567
-1.049517
0.01652635
1.041904
-0.918793
-3.015575
0.2555224
-0.4975272
-0.7408367
0.5522829
-0.965157
-0.1049443
-0.6432291
-0.7797592
-0.915263
0.05179337
-1.019385
-0.7722425
-2.191581
-0.0254656
0.3089162
-2.046946
-0.72498
-3.22487
-0.49722
-0.5591609
-1.065292
0.7125233
0.5223834
0.02743666
0.7956068
-0.8455297
0.2153451
-0.5408494
0.4561638
-0.895312
0.8752057
-1.893974
-0.9840366
-1.011234
-0.9062514
-0.947392
-0.5274959
0.1410919
0.3667063
-1.307069
0.7172206
-0.6245985
-0.746908
0.1308182
-0.6266427
-1.250601
1.464068
-1.193884
0.2575845
-0.7779294
-2.831629
-1.162007
-0.3598524
-2.243645
0.4475225
-1.889464
-1.291978
-0.08263802
-1.716038
-1.240575
-0.4767466
-0.9449039
-0.9806678
-0.3379095
-0.3951237
0.3135754
-0.5519948
-0.2887475
-0.05596027
0.2604072
-0.9568866
1.123483
-2.122602
2.144516
-0.4914575
0.01187637
-2.819263
-0.5301025
0.04608321
-2.194515
0.552299
-2.002759
-1.807500
0.1808032
0.2093899
-2.063488
0.2578498
0.3164839
0.4966297
-1.474882
-0.3056726
-2.163371
0.8400988
-0.5340853
-1.466431
-0.1972338
0.9639919
-0.5035356
-0.5309236
-0.792245
-1.211766
-0.7598258
-0.989581
-0.1304529
-0.4141867
-0.6534192
-0.3309147
-1.219712
0.756157
0.1826557
-0.4608538
-0.7887158
0.4414923
-0.1198033
1.563031
-0.7569858
2.373726
-0.1213178
-0.439297
-1.429766
0.0687805
1.574414
-1.477267
-0.5876701
-2.005204
1.415435
-0.132857
0.8871284
-0.2416789
-0.6303312
1.152205
-0.0882879
-1.114436
-0.8884268
-0.1135847
1.528903
0.1190540
-0.1416339
-1.016471
-0.4015705
-0.6259239
0.6982366
-1.21383
0.765532
0.9998108
-0.1929767
1.028820
-0.2627323
0.05875452
0.4298901
-0.2468474
0.6593612
1.006914
-0.64972
-1.175797
-0.3608145
-0.3676615
0.01645802
-0.5912833
-0.8301167
-0.4937723
-2.156767
-0.8669188
-1.294152
-0.776291
-0.5084574
0.8872243
-1.768896
-0.7276035
0.05101201
1.053640
1.496769
1.523943
0.03324881
1.281823
-2.251853
0.3743745
0.5664702
0.3789287
-0.9621227
0.7734895
2.158903
1.009934
0.3771893
1.226682
0.8050197
0.3494161
0.8358085
-0.7748269
-0.5382178
-0.4663907
0.8532464
0.778408
1.397433
-0.06755277
0.8669015
-1.027701
0.9211178
-0.5523389
2.150828
-1.594816
-1.610868
0.3999367
-1.519716
-1.384827
-1.829828
-1.897728
-1.33304
-0.4065403
-0.5873906
-0.8181495
-0.1540650
-1.58918
0.3281553
0.5463636
0.8661208
-0.8250457
0.3327587
0.5923904
-1.546274
-0.8479829
-0.2764916
0.337129
0.4193505
-0.7663712
1.010932
0.4439384
-0.6346766
-0.1095337
-0.4777223
-1.050426
1.158436
0.379973
-0.1192389
-0.3158911
-0.09693558
-0.6791757
-1.295904
-1.432472
0.2761466
-1.669528
-0.004913965
-0.9557795
-0.553756
-0.3505587
-1.063484
0.02577755
0.1292364
1.309165
1.502579
-1.315133
-1.247178
-1.012074
-2.046412
-0.8282096
0.4259368
0.1663047
0.1383913
-0.5780719
-0.4480308
-1.182966
0.7640093
0.834928
-0.2977075
1.983422
1.839571
1.074445
0.8536568
0.7631076
-0.01691412
-0.05774765
0.0226258
0.5217299
0.6790016
-0.7361116
-1.318244
-0.2998906
-0.5758682
-0.711739
-0.9785882
-0.3475253
-0.4707357
1.074465
-1.176106
-2.705039
-0.505751
0.1927487
0.2831702
0.03876785
0.05232949
-1.044132
-0.6346537
0.1210515
-2.119820
-1.129021
0.7019068
-0.6883825
-0.3427308
0.1134022
0.02567338
-0.9406842
0.01566118
0.8086693
-0.1196844
1.584495
1.781405
0.6351518
-0.4068378
-0.7048964
-0.1301003
0.4125966
-0.0004979824
1.122610
-0.6888813
-0.6315055
-2.454543
1.027494
0.246086
-2.013916
-0.1780169
-0.4521485
0.621092
0.5565625
-0.3068878
-1.57399
-0.8417199
0.6529753
-0.6825318
0.7834446
0.6642633
-0.9313116
-1.798427
-1.381946
0.4473636
-0.1199886
-2.138763
-0.8545611
-1.146755
-0.06771847
0.0281778
-1.652424
0.05226134
0.3304552
-0.0836323
0.5223223
-0.02589577
-0.2665464
-0.1436837
0.1463901
-0.3798127
-0.2464525
1.484563
1.192376
-0.7788958
-1.712315
-0.7681095
-0.9803572
-0.1842649
0.1085834
0.1820660
-0.65325
-0.1870398
-1.912555
-0.08639588
3.069414
1.447502
2.873486
-0.3462679
-0.7266604
2.37977
0.09468394
-1.807513
-0.2050497
-1.173754
-0.4160739
0.3413783
-2.320322
0.7077479
-1.511379
-0.2095381
-1.322789
0.8242879
0.8206626
0.1351322
0.7289204
0.2015274
0.03707069
0.853395
0.4715339
0.6968483
1.104814
0.2072381
-0.3162176
-0.5220009
-0.3743469
0.2352230
-0.8616398
-2.481697
-0.9670306
0.7888913
0.1935303
-0.7371125
-0.9639954
-1.488295
-0.1859765
-0.0599247
-0.2207153
-1.139165
-0.6622341
0.2469945
0.2040338
-1.816998
-1.243418
-0.9275145
-1.180585
-1.182408
-0.506724
-1.420792
-1.015348
-0.3775537
0.262992
0.3070959
1.199734
-0.06448592
0.1089873
-0.2733598
0.04791774
-0.4395874
0.0281978
-0.2556179
0.2641037
-0.845191
-1.092935
0.6963688
-0.0835692
-0.5990652
-1.292311
-0.9222297
-0.7468984
-1.219398
1.199453
-0.9479684
-2.720285
-1.326613
1.232025
-0.62711
0.7401548
-0.1614877
0.1633102
-1.482412
-0.9707717
-0.4918268
-2.028740
-1.94981
0.1678718
-1.035109
-1.132246
-0.3767000
0.2877631
-0.1855718
1.257085
0.02434564
0.3168514
0.8843681
0.03442107
-0.3707846
0.4177941
-0.411926
0.1105738
0.2011514
0.2501589
-0.4296365
0.4483883
-1.105405
-0.168117
0.1416111
0.2521558
0.3419895
0.04367198
-0.1626216
0.3068762
0.7863618
0.7906874
0.4613135
0.1722265
-0.5082346
-0.932912
-1.624508
0.06746826
-0.7594844
-0.7101715
-0.6100518
-1.922791
-0.7610663
0.1955586
0.6083464
-1.916145
0.005084655
-1.735577
-0.9014433
0.4506929
-0.2495377
-0.02138641
1.129980
2.14602
5.358496
0.4563581
4.801362
3.710501
5.119206
3.046323
-0.2818636
0.2468818
0.4430198
0.631748
-1.037492
1.139901
0.2197329
1.440351
0.1385601
-0.02636102
0.823336
-0.5072023
0.6000841
0.5090658
1.587101
1.027145
0.7606362
-1.202916
0.4094585
-0.9732119
0.897967
0.7327222
1.122967
-0.5057989
0.3243024
-0.8269635
0.005202596
0.5894796
-1.652482
-0.468178
-0.3645033
0.1211811
0.3085007
-0.09042665
1.194936
0.9925089
-0.2384167
1.231141
0.6207536
0.4216349
-0.07797595
0.3714603
0.03761261
-0.6448547
-0.1967649
0.1017456
-0.2730752
-0.1588104
-0.06835465
2.635458
0.7429465
-1.534461
3.701376
-1.269025
0.9930338
0.1696906
-2.180946
-1.776732
-0.2988218
0.3925978
0.8856446
-0.9796016
-1.325032
0.6400896
-0.999791
-0.3772851
-0.7384396
-1.017393
-0.8791024
0.1462805
-1.164565
-0.5378898
0.05147187
-0.05431535
0.01432701
0.7054394
2.377839
0.4221554
1.103708
0.979088
0.8853067
0.2411428
-0.8557055
0.751704
0.3482002
-0.7848758
0.3431069
-1.626967
0.1869106
0.7263897
-0.4792781
-0.9679272
-1.493316
1.246698
-0.5384385
-0.9148476
0.6236071
-1.921453
-0.8365685
-0.8553635
-1.126892
-1.127971
0.7648735
0.604435
-0.1061048
-1.459276
-1.383368
-0.1410154
0.05658842
-0.7684317
0.007079735
-0.3107201
0.2091862
0.4914945
0.4251961
0.7825494
-0.207283
0.493126
0.02143530
0.04196349
-0.1936845
0.588839
1.245010
1.156746
-0.1335152
-1.203591
-1.534959
-0.2038015
-1.445583
-1.653542
-1.233274
-0.09688347
-1.852332
-0.7414568
-0.1489440
-0.6437866
-1.168757
2.09152
2.134363
-1.547091
0.04975991
-0.2076173
-0.4989238
-0.1440085
0.7417036
0.05857292
0.5478565
-0.6768104
1.204508
0.2703540
0.2927326
0.02064096
-0.3207578
-0.5612849
-0.143657
-0.3095492
1.251496
-0.292995
-0.1573726
0.8903855
0.08185937
-1.878183
0.3520678
1.012366
2.499333
1.032184
-1.070401
1.508432
0.3334478
-0.3041903
-0.08645207
1.402988
0.2060762
-0.4599675
-0.2042183
1.073990
-0.05828191
-1.698569
-1.762297
-2.361231
-1.465704
-0.1715312
0.2183386
-1.957236
-0.8290104
-1.299879
-0.8927615
-2.094381
-0.4045888
-0.9374073
-0.1370794
-0.8902354
0.8120428
-0.15558
-0.2721670
1.193286
-0.6914514
-0.3264167
-0.7478742
0.5583908
0.995705
0.02570836
1.081747
-0.1679664
0.4417272
0.01555546
-0.2350876
0.9020848
-0.3008898
1.186454
0.9306678
1.396773
-0.8567144
-0.37352
2.780150
-1.189164
-0.5164102
-0.2635218
-0.7676733
0.796245
0.1200588
-0.9859852
0.05646514
-1.886153
-1.130809
-1.315624
0.2323954
0.2387356
0.1044739
-0.1323808
-1.220913
-0.1202956
0.05655325
0.2225227
0.8012192
0.3088993
0.7835735
-0.3378607
0.5817946
0.4042803
-0.4234042
-0.06314187
-0.2305363
-1.299755
0.4143683
-0.4086183
0.4271778
1.295409
-2.291693
-1.660543
-1.024493
-1.163041
-0.3250778
-0.3529409
-0.7651452
0.6259417
0.09325425
-1.509285
3.123681
-0.9192103
-1.168665
-1.230656
-0.000651718
0.2191034
0.2415427
0.4674975
0.08390434
0.2466402
-1.012088
-0.6586318
-1.445511
-0.06203618
1.298863
0.5336359
0.5168132
-0.001022518
0.9503764
1.013555
0.92364
0.4480106
-1.185841
0.4880047
-0.6818529
0.9366206
-1.119902
0.5322958
-1.525976
-0.1678513
-0.4126698
0.07419011
-1.657403
-1.850834
1.821952
-1.902285
0.8196728
-0.5663987
-0.1929778
-0.1964873
-1.119002
0.1787196
-0.2965059
-2.782341
-0.6968525
1.249875
0.5346291
-0.9294269
-0.2509285
0.2102074
-0.06547368
0.3800333
0.4772731
0.1376752
-0.2233738
-0.2294235
0.007792767
-0.1259850
0.6046032
0.3425178
0.7954212
0.5220357
0.7997535
0.5768506
0.2599394
1.492954
0.7949737
0.744987
-0.03865382
-1.062151
-0.8589145
-0.5044767
-0.3839767
0.7634599
-0.2246623
0.6006132
-0.3008971
1.399619
-1.907129
-1.282007
-1.269442
0.2629372
-0.3075784
-0.5634689
-0.07463327
0.5079412
0.1813052
0.4474179
0.2057143
0.2538789
-1.046510
-0.9055106
-0.9322372
0.2285304
0.0435597
-0.4621515
0.7096546
0.4395352
0.3537988
1.066984
-0.01869027
1.041360
0.3721383
0.7140034
2.038655
0.813415
1.266208
0.925981
0.8123458
-0.7868692
-0.4880216
-1.501965
-1.883772
-0.4535486
-1.097143
0.7228889
0.2001938
-0.8855697
-0.9429427
-0.2907131
1.404088
0.5325244
-0.8613072
0.3300136
-0.1519014
0.7932474
-0.1455604
-1.062805
-0.5657905
-0.893789
0.3816923
-1.686085
-1.339430
0.9628168
0.3090660
-0.2311265
-0.1020170
0.2372361
-0.3106263
0.2932188
0.7933936
0.6950901
0.6168316
0.3684821
0.3135522
1.110101
1.21546
0.6845052
1.876910
0.6555923
1.727359
0.1665373
-0.2704714
0.590093
-0.0679624
0.3108846
-1.193276
-1.612854
-0.7084213
-0.3725044
-0.2356659
-1.165993
-1.505496
-0.2732843
1.797552
0.1499082
-1.099063
0.4276762
-0.31572
-0.844218
0.04361222
-1.004563
0.1752184
-0.3040686
-0.6769995
-0.09792496
0.06693438
-0.5330992
0.0218226
-0.3912083
0.4775763
-0.5803104
-1.033862
0.8731514
0.1619379
0.007434012
0.7349151
-0.09426424
-0.2787486
-0.1426137
0.7532976
0.3506657
-1.193275
-0.5795164
-2.806210
-0.9435051
-1.097472
-0.9821722
0.1711779
-2.141872
2.158216
0.2546033
-0.5162223
-0.598465
-1.023005
-0.3954151
-0.2982751
-0.5575415
-1.543261
-0.08808703
-0.09618918
-0.2307476
0.2821403
-0.3972128
-0.2389546
-0.6290456
-0.3201131
-0.3585267
0.1033838
0.4037583
-0.6131692
0.4256965
-0.04510914
-0.2591198
-0.2154426
-0.1806570
1.476986
-0.291646
-1.319339
1.023423
-2.75235
0.5886514
-1.267714
0.9553585
-0.7728755
0.7721896
-1.427574
0.8561088
-0.4037846
-1.925081
1.461753
-1.353326
0.9183495
1.366584
0.6683222
-0.2281639
-1.025698
-0.5808911
-0.9614131
-0.4472972
-0.6927212
-0.273073
-0.2819838
0.5766982
-0.1619325
2.830372
-0.1292646
-0.2279550
0.1772090
-0.2111677
0.0872826
1.193826
0.6527404
0.4189208
-0.009911728
0.4022642
-0.08441464
0.1612423
-0.9002003
0.5061607
0.1012967
-1.195835
0.8602534
-1.695926
0.6795006
0.8962355
-0.009457797
-0.2910199
-0.6843623
-0.9083959
0.1523560
-1.6489
-0.1570591
-0.1529409
-1.083037
-0.5952945
1.251232
0.2492036
-2.328508
-0.7320787
1.472270
-0.6262434
0.04081891
-0.001490574
0.1458434
-0.5517964
-0.1198165
-0.2354891
0.2455924
0.5137279
0.1013348
0.6126845
0.2234844
0.6390309
0.1237648
0.3872844
-2.148492
0.6913388
-1.167553
-0.1626758
0.6858407
0.6885107
0.05891498
-0.2850442
-0.2477635
2.600295
-1.093884
-2.08671
-3.070099
-0.847823
-2.265458
0.780219
-0.9515603
1.705554
0.1697208
-1.341492
1.798013
0.3802899
-0.1680212
-0.1333759
-0.1064390
-0.2813474
-0.3456135
0.9177563
0.05472901
-0.1215372
0.1980648
0.09511455
0.4302628
-0.07052135
0.04262172
0.9155747
0.5226582
1.086807
0.1662958
0.3715762
0.7449827
0.594382
0.5922613
-0.5166875
0.6529849
2.781366
-1.466456
-0.1897534
-1.719482
0.5203395
-1.051476
0.3714141
0.1978842
0.3887779
-0.4853206
-0.6703548
-0.2804210
-1.447839
-0.1145313
-0.517015
-0.9528261
-0.7690138
-0.8541476
-0.7027349
-0.2761009
-0.2207907
0.1635953
1.067058
0.1479971
0.03680444
0.04606371
0.5400308
0.2172126
0.3423553
0.3668602
-0.2534823
-0.3332378
0.2654019
-0.4209698
-0.1890309
2.058381
2.420778
1.382744
1.160112
1.480266
1.667208
-0.995378
0.2981101
-1.103215
0.1599151
-0.1952201
1.030890
-2.847413
2.623794
3.444489
0.3298971
0.1339318
0.1550288
0.7769883
0.05110528
-1.359755
-1.533287
-1.250519
0.2767006
-0.0644735
-0.5975818
-0.1911892
0.1269528
-0.4958429
-0.3526011
-0.1050530
-0.886031
1.007846
0.0926633
1.384245
0.2739896
-0.5123484
-0.7299159
-1.658732
-0.7716886
1.432891
0.2872804
1.462816
1.833729
-1.053185
-0.6229662
1.11428
0.635287
0.8059674
0.7511118
-0.966157
-1.508304
-0.2584529
-0.2115300
-1.339378
-0.306394
-0.9537304
-0.599044
1.222869
-0.5179291
-1.165665
-0.3692202
-1.028356
0.3578837
-0.692174
0.462261
-0.4570451
-0.7128297
0.5319654
-0.06847216
0.3326818
-0.09739587
0.1146628
0.8209553
-0.5496066
0.9395752
-0.3790814
-0.7752727
0.1058215
0.752467
-2.185533
1.188036
-0.5717872
0.9696761
-1.989541
-1.357682
0.8075087
-0.9082184
-0.6264283
-1.125127
0.1420154
-1.468546
-0.03150555
-0.9201577
0.0897337
0.2021442
-1.469875
-0.8412928
-0.4368112
-0.9658787
0.7791694
0.5803675
-0.1599624
-0.1624018
-0.04134322
-0.527606
-1.141632
0.3517599
0.5451817
-0.1885223
0.2910601
-0.2518883
-1.239098
0.1461012
0.1952383
0.7634261
-0.00998104
0.6600021
1.010407
-0.01879091
-0.0894116
0.6642566
-0.2187370
-0.2619274
-0.2158325
-1.819430
-0.2710873
0.8459922
-0.7137387
-0.1159057
-0.2147562
-0.4716723
1.141156
-0.2489018
0.1058622
1.001202
-2.397618
1.098703
0.0290873
-1.848222
0.865519
-0.3143168
-1.362786
-0.05418404
-0.4070335
-0.1093225
-0.5435502
-1.172126
0.09354543
0.04148508
-0.1828057
-0.2175600
-0.2034160
1.559150
0.2204718
-0.0827288
-0.1057121
-0.3874046
-0.3116939
2.247604
-1.783292
-0.04435383
-0.4910317
-1.43464
-0.8154882
-0.6070769
-0.256404
1.25456
0.8730391
-0.2005286
-1.065457
-0.3788517
-0.8108572
-0.8632925
0.2395185
-0.7633298
0.05093261
0.1726373
-0.8581592
-0.882977
1.200404
0.929491
-2.027411
-0.2881307
-0.7350396
-0.09056371
-0.820444
-0.2224671
0.4277138
-0.02452768
-0.6600691
-0.1262531
-0.1663519
0.06886245
-0.4234207
0.8149222
-0.8537473
-0.4723984
-1.732029
-0.7493675
-0.4980167
-0.4928296
-0.2195382
-0.514777
-0.8359038
-0.5495979
-0.5801384
-1.147761
-1.292486
-1.266598
-0.9691518
-1.003772
1.603101
0.1428453
-0.3920637
0.2863555
-0.6619943
0.810167
-0.6785033
1.089848
0.2580541
0.627744
0.5950369
-0.5569522
0.02714420
-0.02656017
0.6356092
1.501191
-0.3699834
0.2182379
0.7743491
0.122607
0.6837426
1.446820
0.6249806
-0.6713608
-0.5590593
2.899413
-1.007536
-0.2267928
1.091153
0.7822233
0.05961294
-0.0544922
-0.5732724
-0.1933155
1.031499
-1.665594
-1.802892
-0.9293307
-1.477696
-0.91759
-0.9447232
0.1442256
-0.1641
0.7173598
0.9327102
0.2887686
-0.7120153
-0.003003936
-1.12656
-1.140177
-1.310015
0.4224886
-0.03098297
-0.3291627
-0.2011363
0.04582471
-0.9147402
-0.05766066
-0.1039354
-0.6063093
-0.04961784
0.2576368
0.3312982
-0.1268417
0.7356897
0.08602176
-0.1305961
-0.7234792
-0.4927275
0.1078002
0.2746454
1.525293
0.4617907
-0.2736433
0.2844788
-1.088999
-0.908993
-1.239293
-1.139125
0.2599694
-0.8128366
-1.371832
-1.423545
0.4012914
0.2450307
2.343065
-0.2649529
0.1887145
0.1495029
-0.3940637
-0.1334681
-0.1396974
0.5844866
0.1644679
1.046289
-0.5754503
-0.1731404
0.5674758
-0.2642075
-0.1084714
1.028126
0.7197287
0.9956916
-0.942648
-1.01952
-0.191428
0.6239575
1.623886
1.177859
0.723398
-0.1139955
1.029488
-0.002580569
-0.9824458
-1.37362
-0.541441
-0.9032027
-1.131860
-0.0989361
-0.6703737
-0.1537961
-1.198526
-1.083680
0.2439575
-1.636224
1.032773
-0.2677722
0.5627269
0.08584497
0.2838749
-1.396245
-1.175360
-0.6212268
0.4343784
-1.172788
0.2055517
0.7505237
0.02596518
0.5649976
0.3830696
-0.2436954
0.5756449
0.6331346
-0.7780614
0.3044008
0.1555974
-0.08971949
1.695942
-0.07405406
1.771012
1.133396
0.2603145
-1.361448
0.453223
0.01227843
0.3306008
-0.08168961
-0.792806
-0.4815784
-1.796845
0.1344383
-1.172239
-0.9206888
0.4340965
-0.04777278
0.769423
-0.001599256
-0.3060247
-1.116958
-0.9353387
0.3452144
-0.7454505
0.4045706
-0.1470996
-0.03140898
-0.5492016
-0.1063146
0.840787
0.4622294
0.06340394
0.5856735
1.171255
-0.3728157
-0.5076614
-0.1190478
1.367636
-0.1544633
-0.6941947
0.5045588
0.3135508
0.4600839
-0.4891971
0.6468153
0.5527624
-0.4802677
0.4798557
-0.2359434
-1.060220
-1.087116
-0.4386679
-0.5906981
0.0014669
0.4045524
0.9770348
-0.7767579
0.3045353
0.8728009
2.064870
0.2014678
0.2184006
0.4793764
-0.4191575
-1.631039
-0.7298606
-0.6099832
0.05218665
0.3951471
-0.2167195
0.3438881
0.6328534
0.4409815
0.1663553
-0.17246
-0.7813456
0.3369214
-0.3733211
0.3004505
0.2229405
0.3048042
1.013541
0.3258248
-0.1323628
1.166573
-0.1196803
0.5958771
-0.9010081
-1.844892
-0.4744343
-0.9116492
-1.531581
0.9566403
-0.1255821
-0.2566388
0.1710017
-0.3119854
-0.05556943
-0.4768366
0.01981359
-2.749769
-0.5371066
-0.1264242
-0.847259
-0.5476854
-0.7496748
-0.7647194
-0.4358312
0.00669869
0.290387
-0.91717
-0.7036684
0.03275131
0.1379263
-0.06507936
0.3248779
0.4764824
-0.04132032
-0.01784775
1.606367
0.3931147
-0.03217773
-1.871398
1.721805
0.6445903
-0.1557429
-0.7893436
0.3868061
-1.402675
-0.9389205
-0.788417
0.4611198
-0.4354312
-1.531678
0.2356156
-1.344519
-1.203954
-0.07567708
1.136368
-0.02771372
-1.014372
-1.433210
0.8478964
0.08603883
3.202943
-0.05584937
-0.3621766
-0.3272309
-0.1694643
0.4061524
-0.1581838
0.05226297
-0.2363928
0.002701146
0.0734359
-0.7641042
1.864778
-0.1830269
0.8446788
-0.02721125
-0.1108218
0.2343962
0.7226554
-1.700214
-0.6513388
0.2622368
0.06979806
0.1911703
-0.9070289
-0.2685232
-1.693963
-0.4510482
-0.2850279
0.6463545
0.3325481
-0.01335554
-1.044894
0.5161821
0.7180084
-0.9962406
-1.090926
-1.679259
-0.8094052
-0.06816643
-1.189488
-0.9714165
0.0498507
0.1024158
0.1251303
0.1338272
0.444702
0.2661359
-0.1327297
1.962282
-0.9883943
0.2542338
-0.5132821
-0.590608
1.445465
0.2661149
-0.6521329
0.2717459
-0.5787981
-0.1178911
0.2904263
0.697853
-0.1530112
-1.422151
0.7896664
0.945734
0.5884463
-1.229219
-1.213185
-1.466298
-0.2637155
1.337492
-0.2594131
-0.1060920
-0.405651
-0.5833908
-0.05404971
-1.731637
0.674459
-0.6521263
-0.7145646
-0.2016668
-0.4020057
0.4367644
-0.5809331
-0.3635165
0.5163913
0.3928544
2.241477
0.1994633
0.5208707
0.546156
0.826204
0.1236802
-0.7642265
-0.263943
0.3852381
-0.3684023
-1.977529
1.125047
-0.4123452
-0.06490677
-0.2850263
-0.3169716
-0.6252755
0.4309834
-0.1575349
-1.001166
-0.9467706
-1.064944
0.6850961
0.3820981
0.3643562
0.1774690
0.1627789
-0.2914882
-0.8057982
-1.002442
0.647768
0.2995404
0.06192936
0.2081166
-0.5221236
-0.03708069
1.237347
2.276422
5.38265
3.150348
5.675603
2.697768
4.445159
2.336897
0.0330615
0.2136765
-0.3676585
1.444849
1.147635
-1.051502
-0.8081597
0.989653
-0.1557039
0.2214492
0.5320061
-0.58182
0.1289148
-0.4734883
0.707523
-1.123846
0.7933336
0.8389764
-1.122190
0.8769795
0.9299061
1.467466
-1.119280
-0.9009646
-0.3127462
-0.8285272
-0.1784122
0.4504179
-0.1972541
0.6742833
-0.9802534
-0.4719144
0.0543302
0.01399714
-0.1716627
-0.2058291
-0.5425882
-0.696802
-0.3255744
0.4717872
-1.350813
0.1466626
-0.2211444
-0.6537132
-0.2700894
1.379564
-0.9574445
0.3790570
-0.8257027
-1.925111
0.4202467
0.2150263
-0.2498956
-0.5568587
-0.1499848
-0.449953
-0.4553237
1.406079
1.268177
0.6555563
0.8712263
1.308114
-1.040473
-0.2792747
-0.2697076
0.1637996
-0.1606404
-0.7639014
-0.09381928
-0.4198075
-0.894084
-0.6845028
0.9051391
0.1191537
-0.1596534
0.2153354
0.2388083
0.6459008
0.5321037
1.800050
-1.152771
2.127450
1.003908
0.4849779
-0.5237582
-0.6019811
1.910764
0.4877685
0.5510257
0.4403857
0.2945097
3.070351
-2.092163
-0.1961188
-1.299725
0.0683926
1.655952
-0.3320092
0.003163499
0.1926502
0.709969
0.6737281
-1.136776
-0.0841975
-0.4468318
0.06516072
-0.2198291
2.111471
0.3345529
0.1118057
-0.5452956
-0.07435826
-0.2076274
-0.04893841
0.8832345
0.063342
0.2648317
0.910204
-0.03227377
-0.6817688
-1.636275
-0.8553588
2.355863
-2.014380
0.0796997
-0.9883084
-0.2567666
-2.043819
-3.958277
0.3185381
-0.7537976
-0.2847973
-0.1663544
-1.336533
-0.7772141
-0.07486783
-1.666777
-0.7084016
-1.801995
-0.08282692
-0.07437721
-0.9936728
-0.2465339
0.1285622
0.4785979
-1.027535
0.1240220
-0.0574168
0.828056
-0.1403752
0.3460616
-0.3597965
-0.8183496
-0.1736243
0.1102971
-0.7800231
-1.012780
0.8466499
-0.3173916
0.5247427
1.687992
-0.507278
1.25773
0.09798787
-0.2224429
-0.9059861
2.564267
0.1332952
0.1221174
-2.0826
0.06788892
-1.74586
-0.5842269
0.8769393
-0.6341743
-2.879229
-1.075523
-1.807530
-1.004753
-1.552325
0.369207
-0.232865
0.1874969
-1.013775
-0.8842993
0.4513499
1.6667
1.139251
-0.1758670
1.171570
0.05398114
0.3147230
-0.0006991881
-0.02438546
-0.533889
-0.2725429
-0.5606833
0.2577468
1.827112
-1.446230
-1.421082
-0.8253924
0.2503407
0.7314307
-0.7128893
-1.420202
0.3728188
-1.350385
-2.007728
-1.455901
1.021125
0.5747872
-2.099166
0.2036526
-0.9613533
-0.1650813
-0.791855
0.01395532
-0.2447168
0.3099936
-0.3938591
0.5535668
0.4005654
0.1092869
-0.1536423
0.3151957
0.671037
-0.9918877
0.6789904
-0.4967355
-0.4368864
-0.4731165
-0.3074835
-0.2724690
-0.3834893
-0.5900694
0.1003112
0.05494235
1.571650
-0.3816741
-0.2894523
0.7309563
-0.3946779
-1.884945
0.3388101
-1.296904
3.549886
0.5389149
-0.5227054
2.739562
1.174211
0.03385530
-0.7562422
1.759929
0.3148858
1.103443
1.381333
-0.4520259
-0.4029195
-0.3974411
0.639698
0.1561128
0.2807954
0.5486787
-0.1414301
0.4523442
-0.3945005
-0.5764947
-0.2284315
0.5254318
0.05738521
-0.4023755
0.0003619054
-0.8175337
0.8072
0.1660337
0.6007793
0.3879324
1.318439
0.922335
-0.461635
0.7403057
-0.2344953
2.956191
0.9764975
-0.5611159
0.2766487
1.536897
-1.825865
0.04611443
-2.379852
-0.4235613
-1.120369
1.237893
-1.369365
0.2308707
-2.000619
-0.4291254
0.4017855
-0.4790038
-1.754889
-0.1772359
-0.1595377
-0.4401168
0.6708753
1.170679
-0.562696
0.9643913
-0.8479907
-0.4089632
-0.03089246
0.6788347
-0.8676046
0.2551806
0.6288505
-0.04610805
0.5973936
0.7105834
1.130859
0.7462068
-0.1807328
0.8650627
0.2206902
1.423784
-0.6301762
-1.406206
0.4437531
-0.6942742
-1.070822
-0.2071639
0.2479362
0.2243122
0.06736831
0.536308
0.04963317
0.1894684
-1.015273
-0.2871057
-0.7365507
-0.2416401
0.3436983
-0.04322658
0.4117498
-1.028844
0.8695743
0.5790032
1.391001
-0.1734255
0.1181796
0.07823373
1.188555
0.7263184
-0.2032935
-0.06249228
0.7084229
-0.3447753
0.6712439
1.033966
0.7245972
-0.1558144
-0.4434705
-0.1517261
-0.5781312
-0.3047248
-0.716763
-0.09980722
0.510179
-0.06964098
0.4514022
-0.7413746
1.199948
-0.6665695
-0.8230222
-0.523407
0.3856608
-0.8613958
-1.252210
2.466118
-0.6351278
0.7033995
-0.1951737
-0.08407957
-0.1550800
0.2536436
-1.027867
-1.080858
0.1926871
0.09652305
-0.1325126
0.2304995
0.09460163
-0.2181533
-0.1461299
-0.5635573
-0.175274
-0.00752939
0.2706657
0.4873134
1.107501
-1.485334
0.8336816
-1.008788
1.082354
-0.2601331
0.4105287
0.002823484
-0.4790486
-1.799300
-0.3640709
0.05227215
-0.3005426
0.04909925
-0.01545953
0.07574368
1.736035
0.04129176
-0.4363284
-0.1999849
-0.01318763
-0.4549618
-0.9665978
1.748209
0.8900312
-0.08038549
0.5818953
0.7743253
1.064189
0.6133496
1.414348
0.6155206
0.2064029
1.372410
-0.07650693
0.4888873
-0.06261376
0.1696041
-0.01149916
0.1223007
0.5853158
0.0973117
0.2989043
-1.116494
-1.722311
0.6235169
0.07656401
-1.79185
0.02494932
-1.198798
-0.4255905
-1.521022
0.1992015
0.7108911
-2.437131
0.1294667
2.433647
0.694331
-0.7695846
0.3984341
-0.6036482
-0.1279226
0.03273393
-0.3530732
-0.2316684
-0.5600871
0.7535943
0.2704698
0.3910285
0.7210837
0.04434937
-0.6227798
-1.405373
-0.1502238
-0.3776167
-0.2920837
-0.08214953
1.536145
-0.2163619
0.2988032
0.2276859
-0.515329
-0.7673193
-0.1739859
0.8639541
-0.3007213
-1.004121
-0.9378789
-0.9260735
-1.985912
-2.187806
-0.3666752
-1.315718
-2.604829
-0.8349107
-0.7604514
-0.03075938
-0.5792078
0.7435192
-0.5379754
0.4333467
-0.3053316
-1.438410
-0.3238922
-0.009600237
-0.509274
0.1952531
0.5836667
0.3444111
-0.6022557
0.2770581
0.2500570
-0.5043839
-0.3351461
-0.1041922
-0.7768187
-0.3250297
0.06265308
-0.1014474
0.2388907
0.6445105
0.3800776
-1.176139
0.2103178
-0.1146222
-2.201014
0.3436594
-0.2710153
-0.2046737
0.1221488
-1.074717
-0.02603649
-0.6333231
-0.5093593
-0.4634387
-0.06687372
-0.2210134
0.5860045
0.3274327
-0.8300706
0.8645454
0.5569193
-0.2455591
0.3712905
0.5916903
0.2142325
0.5899229
0.06745591
-0.3415275
-0.09396372
1.211229
-0.05707518
0.3919847
-0.1208366
-0.1300413
-1.207816
-0.5087868
-0.03307285
-0.002184067
0.6424924
-0.5108034
-0.1684229
-1.437182
-0.08338465
-0.4459981
-0.534221
0.07381983
0.3313376
0.5162475
-2.140004
-1.287461
-0.6941712
-2.795253
-1.129101
0.4647702
0.03171270
0.3937046
-0.1570199
1.414684
0.8683265
0.8209296
1.695377
0.1655707
-0.5550148
-0.5489504
0.5025558
0.2869225
0.4790311
0.1320872
0.6889033
0.6543648
0.5035629
1.168268
0.07571206
-0.5436575
-0.634742
-0.7377789
-0.4572739
-0.1441383
0.2412273
-0.2938475
-0.3610789
0.7121204
0.8558395
-0.782172
0.2922963
-0.3155192
-1.547964
0.07309785
-0.9818118
-1.727343
-1.213485
-0.2217956
-2.596571
0.3241530
2.050887
-0.2596723
-1.615239
1.185983
0.7867365
-0.2243990
-1.398289
-0.9893494
-0.4702883
-0.2660683
0.6974223
-0.2202953
-0.3169260
0.382535
1.174858
0.02243190
-0.03224427
0.3224649
0.214255
-0.1828533
-0.06409843
0.0523485
0.2110713
1.638333
1.039360
2.174941
0.2208591
-1.900212
1.494027
0.3326628
-0.7306828
-0.1095742
1.749259
-1.448258
-0.1172401
-0.4981448
1.981448
-1.157839
-1.902577
-0.5899146
1.675402
-0.1010399
0.811493
-2.093837
1.074685
0.5959614
-0.3088577
-0.8208511
0.2712973
-0.2599488
-2.054285
-0.1065826
0.7850509
0.7756358
0.5937237
0.3862711
-0.3613078
-0.6853247
-0.05323563
-0.4536707
0.415964
-0.4778684
-0.7479683
-0.6710825
-0.6972876
-0.7086675
1.190755
-1.10897
0.1909424
-0.9980031
-0.1872550
-0.01498024
-1.520915
-0.7351727
-2.302579
1.710387
-0.03123508
0.43313
-1.578356
-1.225738
-1.497685
-1.586293
0.6281402
0.2907115
-1.053592
-1.098838
-0.7149992
0.4165243
-0.2699284
-0.815601
-0.1329268
-0.5482093
-0.4617650
-0.02173426
0.1078353
0.4797563
0.5908743
-0.1788772
0.1009271
-0.2295792
-0.08552958
-0.1612870
-0.2033599
-0.3383017
-1.178542
2.557141
-0.9847401
0.7337875
0.3739254
-0.6203435
-1.842635
-1.828273
-0.06030366
-1.596156
0.3993584
-0.2633224
-1.587962
-0.3652439
-0.8567294
1.616571
3.160824
-1.307310
-0.7195633
-1.080798
-0.4821199
-1.544217
-1.082449
0.1039073
0.1449677
-0.1163014
0.5402131
0.3476547
0.4789944
-0.8304624
0.1769741
-0.2541347
0.1524275
-0.1782206
0.126437
0.2128342
0.8693408
0.8001809
-0.7068154
-0.0684298
0.3761058
-2.195124
-0.6931701
-0.03157334
0.04144726
-1.852663
0.598757
-0.1454369
-1.971937
0.7924069
-0.1081595
-0.1318905
-1.407652
0.6731622
-1.248565
0.1996211
-0.1573372
2.292374
-0.8507794
1.818196
2.143332
-0.1285966
-1.139181
-1.223390
1.403682
-0.4977049
-0.504866
1.023867
-0.2615741
0.436734
-0.6297139
-0.0404537
-0.2681441
0.3768026
0.6529622
-0.1470108
0.8059038
-0.5388386
0.7554363
-1.438641
-0.1196136
-0.910382
0.09128065
0.9465608
-0.1312749
1.615341
0.4200539
0.4364377
1.113458
-0.09021083
-1.492489
0.3182987
-1.825145
-2.248884
-2.050949
-1.228498
-1.110603
-0.7845756
0.1327423
0.8947838
0.2888108
-0.7225872
0.6371491
-1.973122
-0.8814685
-0.8106009
-0.5387962
0.2884842
0.8092703
0.00782475
0.863586
0.2162375
0.08485237
-1.097160
0.5146975
-0.1230149
-0.585772
0.1971810
0.09583725
-0.06049255
-0.05432988
-0.4419615
-0.2908392
-0.8386466
-0.3779019
-2.243444
-0.5325872
-1.551560
-1.386218
0.151827
-1.173475
-0.4482187
-0.9997383
2.000116
1.042442
0.07925793
-0.07065403
-0.4926169
0.2144668
0.2451448
-0.729457
-0.4019942
0.814691
-0.2689183
0.4789005
0.5552015
0.8197824
2.248276
0.1246751
0.4112279
0.1385835
-0.7603051
-0.1055134
1.297887
-0.01269706
-0.5991994
-0.2104533
0.1879342
-0.589032
0.7998046
-0.4027406
0.02118837
2.049897
0.07453937
-1.610602
1.040118
1.022983
-0.8255001
-1.587204
0.2572266
0.01586220
0.9051284
-1.248470
-0.1283891
-1.581608
-0.5934528
0.536472
-1.902857
0.665854
0.6975717
-0.4879872
-1.058579
0.6094178
1.430574
0.4482332
0.6228835
1.997196
-0.602906
0.5269565
-0.4459345
1.14895
-0.5724387
0.1481899
0.2133172
-0.4662865
-0.1313427
1.143563
-0.5621767
-0.443968
0.09176944
-0.653926
0.3218694
1.144166
-1.917947
1.769273
-0.5853273
0.5713041
1.246284
1.832523
1.7162
0.09831896
-1.924162
-0.1957986
0.7028158
-0.5739796
-1.119091
0.6712276
-0.9685841
1.345461
1.180767
-2.236238
1.405627
0.08837885
0.3898775
-1.702578
0.2843827
0.8399734
-1.692641
0.91111
-0.5151893
0.7719107
-0.3036310
0.4794837
-0.04560722
0.5525941
0.1098987
-0.2477681
0.8024888
-0.2596237
-0.6155514
0.1926824
-0.2466700
1.210779
0.5457154
1.226240
-0.2663598
-0.5622528
0.9637567
0.2878458
-2.031805
-2.667091
-0.523813
-1.592208
-0.5835705
-1.413070
-0.1809971
0.6193679
0.7010263
0.3921108
-0.4513258
1.035691
0.643918
-0.3763858
-0.09854016
0.1442817
-0.1937161
1.066944
0.1975950
0.1886972
-0.1981006
-0.2622473
1.220016
0.4842752
-0.1542153
0.02635963
0.1826610
1.476322
-0.462639
0.09977417
-0.7518188
1.146480
-0.4097957
-0.06331421
0.05802242
0.06385372
-0.1701801
0.5647431
0.3533395
-1.291815
1.584791
1.92727
0.4533751
-0.8869568
0.4424547
-0.6764551
-0.653517
0.2366673
-0.3821736
-0.4441131
-0.4463179
-0.8722032
-1.252599
-0.5116121
-0.3337947
0.8379579
0.7292049
0.03538075
0.2227467
0.2212765
2.222902
-0.5852135
0.6513482
1.420820
-0.6768672
-0.4672498
0.04702338
0.7317425
0.5526109
-0.8282381
-0.7420282
0.4691573
-0.3921774
-0.5910868
-0.7402168
-0.0534874
-1.399142
-1.098665
1.318176
-0.9325535
-1.204000
-0.5646198
-0.2930661
-0.6939818
-1.412584
-1.34287
0.1366067
0.7888089
-1.504813
0.3006248
0.1570494
-0.798872
-0.3316506
-0.3004694
1.344221
-1.701651
-0.4717754
-0.03629939
0.4202403
-1.536687
-0.5081523
0.05732579
0.5104316
0.3945281
-0.4556436
0.3036557
0.02006420
-0.2790630
0.2180255
-0.2562003
0.7688402
0.3918008
-0.9270708
-1.269455
-0.7299684
-0.6008692
-0.2920425
-0.5728432
-0.02287879
-0.006213433
0.3512986
-1.479170
0.3286997
-0.9649182
0.7112951
0.2850037
-0.7188846
-1.042713
-0.4898307
-0.3134544
-2.242772
-1.137323
-0.2501341
0.08060305
1.671292
0.9732379
0.08201225
-0.9909241
0.2899564
-0.5038519
0.03650844
0.8512176
1.013035
-0.8913416
-1.229733
-0.13779
-0.8377916
-0.02960109
-0.6010651
0.03583754
0.4152873
-0.4721968
-0.6313126
1.262922
0.09914364
0.9785775
-1.247143
-0.7009848
-0.8364716
-2.134183
-0.1698
-0.7327273
-0.7803065
-0.6469113
-2.318700
-0.2287336
0.3495176
-0.2367516
-0.4003187
-1.321515
0.4214712
-0.2787525
-0.6139237
0.1427549
0.2247448
-0.7447264
-0.2157239
-0.07794053
-0.3538175
-0.0777968
-0.3912313
0.2728147
-0.5856485
0.3863485
-0.01801259
0.008842586
0.5632764
-0.5035875
-0.4543899
0.2860527
-0.3846686
-0.1945018
-0.2169991
-0.08429797
-0.812131
-0.3033588
-0.9827269
-0.8553609
-0.6501407
-0.227813
-0.2063122
0.0946029
1.414484
-0.962987
1.886714
0.5125471
-0.48031
0.2190956
-0.3308842
0.7117662
0.5320902
-2.019819
-1.339752
0.4986597
-0.2964001
-1.976314
-0.1120464
-0.1247432
-0.6377751
0.2295360
-0.007055558
-0.2535325
0.7190149
0.3251112
0.6697428
0.2165934
-0.07860009
0.4094443
0.2950267
0.1252052
-0.3651770
-0.6064998
-0.5712988
-1.367920
-0.08961715
2.099935
-0.2905719
-0.2093438
-1.086553
-2.946010
-2.82054
0.5204971
-0.5709225
0.04003678
-0.9276634
-0.8942124
-0.8258029
-0.2513875
-1.656238
1.28877
-0.2923074
-0.3500335
-1.844204
-1.197793
-0.8031606
-0.4617187
-0.1487997
0.1428963
-0.7098269
-0.6451314
0.5836285
0.06195125
0.6126842
-0.05147724
1.043511
1.769816
-0.03172532
0.2402619
0.6707196
-0.1053939
0.1304197
-0.2238615
-1.187577
-0.5569104
-0.1253478
-0.4749691
-0.4970208
-0.6996135
0.02626292
-2.448432
-1.342995
-2.551936
0.8318522
0.825019
0.1330327
-0.6309625
0.1106837
-1.155351
0.2576318
-0.7177095
-0.3956154
0.1248871
-0.7616208
-0.2833528
-0.4375443
0.8298565
-0.550848
0.06941113
-0.4231172
-0.647114
0.05372061
-0.5235781
-0.8213103
0.4474690
0.7689048
0.5172813
1.305572
1.163918
1.811228
-1.281351
1.861235
-0.3709648
0.2553335
0.4968348
2.742337
1.556839
2.699183
1.372854
-0.5666468
-0.5249815
0.5567466
1.089230
0.6677034
-2.788268
0.3888876
-2.508181
-0.869811
-0.7498972
1.379177
0.5402691
-0.3718821
1.179547
0.5035036
1.867691
0.9012814
-0.3086323
-0.9983005
0.09945156
-0.5173826
-0.6331193
-0.2416002
-0.8472657
-0.3655728
-0.01420631
0.3449942
1.070723
-0.4018913
-0.01190338
-0.2422088
-0.3777675
0.1154709
-0.4951854
-0.3488684
-0.909883
-0.2866437
2.101618
0.4142606
0.7339657
-1.622337
-1.560793
-2.083352
-0.06077829
-0.8729767
-2.060280
-1.053495
-1.029322
-0.09717781
-0.8084556
-0.954897
1.461922
-0.9879367
-0.5860484
-1.226061
-0.2026033
0.7282511
0.7162055
-0.5278042
1.281477
-0.0909755
0.3626905
0.1535963
-0.3489956
0.1203891
0.2120759
-0.3388829
-0.3448735
0.9531456
-0.001132649
0.3350178
0.1288403
0.03820303
1.622981
0.1619953
-0.8582615
-0.7172815
-0.31098
0.6617639
-0.3892796
-1.516438
-2.464661
-0.01119789
0.5138464
-0.9081046
0.3933876
1.224028
-0.3835926
0.7911305
0.9546792
0.02577374
0.181862
-1.076680
-0.7389909
-1.162257
-0.6312115
-0.3400815
-1.157118
0.7649037
-0.8476616
-0.08059865
-0.03447326
-0.2452853
-0.5537101
-0.9292535
-1.311964
0.5591343
0.1783978
-0.4528624
-0.09929737
0.5164785
-0.09124633
0.1278021
-0.784991
-0.2908692
0.00443652
-0.2827182
-1.490387
1.387643
-0.8034967
2.437515
-1.158580
-0.7002158
-0.7723643
-0.4452191
-1.031359
-0.1077715
-1.385242
-1.520353
-2.043071
0.02716661
-0.4140654
0.8717143
0.817585
0.1571071
0.2120471
-0.4044575
1.477111
-0.4007152
-0.3360457
0.5736906
0.3744569
0.09073803
-0.9585866
-1.913875
1.020275
0.3966394
-0.6595346
-1.089661
-0.01148623
-0.6021974
-0.4085035
-0.5483513
-0.123628
-0.5564699
-0.2950786
0.1067528
2.777666
0.4604231
-0.3168707
1.098122
-1.338085
-1.243469
-1.468520
-0.6360356
3.221842
2.09273
0.3952772
-1.124550
-0.4420710
-1.227438
1.167924
-0.03832537
-0.07610487
-0.4871512
0.2208645
-0.1409333
1.404503
0.01560302
0.7926359
-0.4753597
-0.5214573
-0.7355048
-0.868919
-0.7639653
0.5611511
0.997471
0.870256
-0.3353558
-0.1991440
-0.4406221
-0.7212208
-0.1548599
0.3134279
0.1870754
-1.160049
-0.01063695
-0.2144789
-0.691391
-1.552276
-2.120555
0.9278365
2.335183
-1.300417
0.6128496
2.732957
0.8402032
-1.949529
-0.9763002
1.881545
0.8863098
-0.6011193
0.5130014
0.6623577
-1.316349
0.4258442
0.3357437
-0.4718301
1.289730
0.6018863
0.3343719
-0.2879669
0.9776412
0.7443407
-0.9410764
-0.2423701
-0.1901403
0.1538151
-0.3077994
-0.00982746
-0.4894912
-0.4482288
0.2730422
-0.6072456
0.3970062
1.312088
-0.2460375
0.778868
0.5911256
1.441723
-0.3002089
-1.545912
1.214893
-2.524041
-0.1859021
0.9387517
0.01187359
-0.1763581
-0.2424669
-0.1540062
1.198676
0.225388
1.034546
1.766006
-0.3073043
0.08364451
0.1066543
-0.02011725
1.061661
-0.1145322
1.031993
1.183416
0.09473031
0.4750098
0.3263788
-0.04306186
0.01729791
1.478315
0.3445404
-0.3583437
0.1521931
0.8708133
0.812179
-0.4062011
0.01168750
0.3855792
-1.159174
0.5857488
-0.9183503
0.9471002
-1.717705
3.26972
-3.765376
-0.974738
-0.1647133
0.6973969
-1.156317
-0.695398
0.3425227
-0.07615351
-1.855126
0.4761423
0.8106694
0.1308873
-1.166446
-0.2790807
-0.4646326
0.3459910
0.06528193
0.9567724
-1.121621
-0.3742522
-0.1661628
-0.34045
-1.173179
0.01778697
-0.2508383
0.4032179
0.5413722
-0.001592695
-0.5085966
0.8121796
2.231333
-0.2874918
-0.7155766
-0.5325033
-0.7455089
0.5641547
0.7732259
0.379305
-0.1541355
0.8696475
0.7073777
0.7854805
-0.5625162
-1.171510
1.638068
-1.082224
0.6637691
-0.001083319
-0.2965518
-0.3609204
-0.3846463
0.9542719
-0.03685717
-0.1782057
-0.7097857
0.5814499
-0.2200366
0.4238311
-0.4871788
0.5592244
1.197396
0.7203263
-1.3849
-0.5746173
0.1403627
0.5243874
0.7833795
0.9277554
0.5226602
0.5523788
1.183020
-0.3664145
-0.4235706
0.4683497
-1.763286
-0.3797337
1.100314
-1.338199
-1.413775
-1.329188
-0.5683138
-1.220011
-2.059520
-0.5951785
-0.2302155
-0.03278878
0.2707641
0.2031305
0.3857811
-0.6914043
-0.549746
-1.361907
0.4219337
-0.182924
-0.5357704
0.3815817
0.2388866
-0.0589699
0.3159593
-0.2257354
0.9316413
0.44191
-0.8313963
-0.7544052
0.3244063
0.1784753
0.01421365
0.02070956
-0.5638481
-0.3632957
-0.3910244
-0.07793232
-1.142060
-0.3784678
-0.5584832
0.03605650
-0.5350908
-1.057383
-1.226668
-0.9160517
0.6102221
0.1541579
-0.1890623
-1.995757
-0.9138468
-0.2428313
0.2288926
0.78003
-1.694212
0.003549755
-0.4139903
-0.6682951
0.5544545
-1.332413
-0.6584817
-0.3548458
-0.03085732
-0.2998704
0.1705376
-0.2667829
0.6134518
-1.032796
-0.7739743
-1.022014
0.3360168
-0.02721934
-0.1538230
0.4656533
0.2862784
-0.1513602
-0.3065896
-1.273478
0.5633883
0.36222
-0.994594
2.360389
-0.09918992
-1.270507
-1.143452
-1.115562
-2.463251
-0.4155076
-2.247821
-3.041621
-1.157628
-2.825888
0.1023195
-0.8657864
1.121875
-1.957919
0.03395984
-0.884544
0.1269859
0.8225068
-0.2876725
0.9616133
-0.6093447
-0.4556451
0.3821626
-0.3753268
-0.1332924
-0.3877885
-0.6923984
-0.03198977
-0.005279031
0.4894496
-0.6227455
-0.7222084
-0.416603
-0.6419851
1.133505
-0.7114665
-1.295541
0.006719559
0.1830670
-0.5042528
0.4473947
-0.6353172
-2.201476
-1.804640
-0.6300322
-2.452787
-1.970988
1.340548
-0.5964136
-0.3931014
-0.1618319
-0.3528886
0.1443384
0.4649294
-0.2702193
1.652570
-0.1068455
-1.189973
-0.485657
-0.4076667
0.142056
-0.785492
-0.1402439
0.545277
-0.1077314
0.4972456
-0.6754415
-0.3565321
-0.348541
-1.180288
0.03089820
-0.2643846
-0.4961426
-0.7605745
-0.2404899
-1.272570
0.2681381
0.07659521
-0.8020054
-0.2953274
0.2734549
-1.354670
0.696079
-0.2462467
2.083447
-0.4752604
-2.793429
-0.3149536
-1.594189
-1.347900
-0.3169126
-0.1781564
-0.02397779
-1.444351
-1.665763
-0.991367
-1.027063
0.1370639
-0.4585093
-0.7021956
-1.205630
-0.4221133
-0.8904921
-0.05851381
-0.3151342
-0.924618
0.4991428
0.4829665
0.4324983
-0.09643852
-0.6362381
-0.2832923
0.01054602
-0.2403343
-0.1983601
-0.3921562
-0.04467739
-0.631751
-1.210762
-0.2323087
-1.047773
-2.732397
-0.4833313
-0.7662857
-0.9467144
-2.497483
-2.006689
-0.8051021
-1.171070
-0.6414405
-1.248055
-0.4369393
0.1863885
-0.8162003
-0.05380653
0.1080189
-0.6327583
0.1595054
-0.4799714
0.3766041
-0.2290102
0.3882703
-0.7215453
-0.501618
-0.1802639
-0.01047619
0.8447678
-0.1746714
1.669001
0.5901015
-0.3367557
-0.4157227
-0.3477864
-0.002329214
-0.2865242
-1.058678
-1.313317
-0.8588832
-0.4999286
-0.8802546
0.4049507
-1.528490
-1.301494
-0.02012307
-0.7771741
0.3859224
-1.620958
0.892046
-0.5004472
0.2089335
0.04684166
0.2526445
0.9909093
0.0912784
0.08946514
0.5294725
-0.587968
-0.8644936
-0.4344942
-0.3161528
-0.2119265
-0.05827078
-0.5413417
0.1123639
0.6258683
-0.3358641
-0.2319299
1.152861
-0.4960129
0.5282378
1.447754
0.1070163
0.6169865
-1.090450
1.237034
0.8231045
-1.157543
1.174393
-0.831927
-0.4170117
-0.04809012
-1.404598
-2.042892
-1.027664
0.2634776
3.367287
2.922225
1.269360
0.2122948
1.511113
0.3327771
-1.04324
-1.685532
-1.857993
-1.321587
-1.495169
-0.6516775
-0.32201
1.171663
0.8525331
0.697171
-0.2848030
-1.490497
-0.4234885
-0.4881825
-0.4993439
-0.2193817
-0.2661920
-0.5449194
-0.2847589
-0.3233832
-0.1881070
-0.4802974
-0.01559398
-0.5087098
-1.575416
-0.602936
0.2749972
1.121230
-0.5804296
0.7349418
-1.140828
0.8540671
-1.272806
1.611131
-0.2480090
-0.3158235
-2.107085
-1.448490
-2.493985
2.30162
-0.363936
-0.1071646
2.952249
-0.8397884
-1.195005
-0.9395689
-0.760464
0.1852999
-0.2272205
-0.1505284
2.221194
0.07027465
-0.2261199
-1.166247
-0.7458408
-0.2858212
-0.7150329
-0.5292431
0.212159
0.01990773
0.0988351
-0.01058303
-1.339843
-0.3135096
0.3108816
-0.3948047
-1.761598
-0.7653301
0.5947614
-1.622138
-0.3918398
-0.5427279
-1.181380
0.02449487
-0.493816
0.344766
-0.3627069
1.856153
-0.9161203
-0.07079158
-0.7647074
-1.172064
0.1516841
-0.3560927
-0.4845447
0.1486605
-0.7768154
-1.033090
-0.7038636
0.2570598
0.1446133
0.4371673
-0.1587872
-0.2412046
-0.03556277
-0.9237873
0.07274536
-0.4209478
0.1569731
-0.1254817
0.5357785
-1.062028
-0.2602064
0.4108919
-0.1805288
-1.459637
-0.4330794
-0.6353787
-2.015555
-1.060380
-0.6943945
-1.093747
-2.014058
1.000610
-0.1228087
-1.087891
-0.09434883
0.2222725
-0.4845519
-2.050624
-0.3488015
-0.4625528
-1.018687
0.9089855
1.218305
-0.3132099
-0.8121557
0.6255253
0.1779643
0.1875678
0.053122
-0.9827698
-0.9038805
0.1390918
0.2717706
-0.2829731
-0.1374601
-0.5018899
0.1905625
1.240173
0.4741045
0.09051575
-0.5093583
-0.1320423
0.1902052
-0.0496631
-0.3590575
-1.066204
0.3064521
-0.6077404
-2.174884
-1.526848
-0.7619259
2.875952
-1.270401
-0.8374602
-2.509344
-1.140177
-0.08474822
-0.9622257
-0.4944679
-0.7845347
-0.03090387
0.9498553
0.01877774
-0.5178391
-0.04624165
-0.08978598
-0.3968895
-1.628408
-0.881456
-0.7121813
-0.68312
-0.6820362
-0.02495548
-1.137186
-0.2516540
-1.326899
0.2310042
-0.1469341
0.5519316
-0.2806419
-0.4451618
0.1991747
-1.112359
0.1188935
0.790531
0.7113964
0.2322700
-0.6323754
-2.707214
-0.2302404
-0.8750724
-1.791114
-0.7096497
0.01962029
-1.576730
0.9303814
-2.098288
-0.340285
-1.833305
0.1960961
-1.687108
0.1496368
-0.4854691
-0.861411
0.764161
-0.04286735
0.561342
0.81585
0.09312345
0.4890892
-0.925567
-2.123129
1.137044
-0.6529882
0.1755909
1.715827
-0.0150801
0.4987244
0.1865367
0.2613291
0.465774
-0.1391716
0.8836163
-0.1816398
-0.1107697
1.456129
-2.077961
0.6455369
2.514652
-0.007871903
0.3184744
2.891018
1.192995
-1.876583
0.5294705
-1.399535
-1.005848
0.3510264
-0.1753938
-1.352239
-0.1909198
-0.5299695
-0.4123026
0.03482687
0.427049
0.08905985
0.5313382
-1.469897
0.3899012
-2.085664
0.1094902
0.1699224
-0.1728553
-0.04179061
0.5257352
-0.03174092
-0.2205059
-0.3710188
0.3528599
-0.5915911
0.4198548
1.015980
-0.09516386
0.5221881
-0.3613117
-0.08768675
-0.3100822
0.05716601
0.5233454
0.2757278
-0.02005623
-0.4415343
-3.952411
-2.364165
-0.8538194
0.05743055
-1.67716
-0.2003948
-0.7362668
-0.4748297
-0.3715372
-0.769775
-0.1922270
0.3494955
0.3997947
0.06441342
0.3596974
-0.3302076
-0.386139
1.0772
-0.7284957
-0.2765011
-0.5211662
-0.8232983
0.7062358
0.8962048
0.8677978
-0.4516311
-0.8396145
-0.2572873
-0.7255086
-0.3016522
0.09952935
0.8775908
-0.9618903
-1.681269
1.099775
1.116028
-0.5543347
-0.3820267
0.0743047
-1.036949
-1.149510
1.150547
-0.2439436
-0.02355335
0.4317724
1.165295
0.4698762
0.5839434
-1.117857
-0.7461661
-0.2367573
-1.062877
0.1797029
0.9889045
-0.831054
0.8845018
0.09369493
0.2784461
-0.1427540
-0.9262328
0.5817039
-0.7771476
1.133965
0.8522858
1.313118
0.5827798
-0.7873614
-0.8584975
0.06310228
0.3812119
-0.2038241
0.7861878
-0.8834423
-0.2512983
-0.2894518
-0.475909
-0.1048138
-0.990476
0.2511957
0.616885
-0.4379095
-1.022763
-0.7030949
0.3532879
-0.2411989
-1.547938
-1.048892
-0.04762918
-0.9963964
-1.078579
0.5072646
-0.4775655
-0.1613007
-0.1679960
-0.3625868
-0.4791938
0.2888155
-1.10929
0.597637
-0.02043079
-1.470104
0.6072848
-0.1891578
1.016458
-0.6256673
-0.0547208
0.1717474
-0.1322562
0.1436031
-0.5130355
0.1903673
-0.9387097
0.2644797
-0.2477952
-0.5483122
-0.9456341
-0.4179321
-0.7142779
0.5548774
0.1132680
-0.2794619
1.390531
0.717758
-1.112878
-0.4646629
-0.5431223
-0.3809070
-0.5128834
-1.360691
-0.2839412
0.0763263
-0.5974857
-0.3001978
0.02180295
-0.05156613
-0.819727
-0.5629985
-0.6913038
-0.8481909
-0.8220047
-0.4778204
-0.1902629
-0.2710247
0.7211129
-0.2067091
0.1657421
-0.3159456
-0.2556912
-0.2219117
-0.3209557
-0.4560555
-0.3621409
1.508843
-0.9952467
-0.6570552
-0.5889858
0.008394074
0.9991667
-0.7372671
0.1727435
1.922977
1.297106
-1.247191
-0.69034
-0.7537679
-0.1558884
-1.553564
1.749208
-0.5853046
-0.09801813
0.2944026
-0.9761568
-0.3540306
0.2399995
-0.7799276
1.353685
-0.1544534
-0.09270634
-0.07301547
-0.2657247
0.770545
-1.190297
-0.632663
-0.1379437
-0.8304139
0.2035345
-0.1631778
-0.03740424
-0.4802859
-0.4909488
0.3626657
-0.4583747
1.018471
-0.4643787
-0.4337743
-0.2228797
-1.476593
-2.155638
-2.387995
-3.178038
-0.4179844
0.0911446
-3.280425
-1.992463
-0.6093631
-0.4663866
-0.3518951
-1.077907
-0.7572553
0.1831236
-0.9488616
-0.6673325
-0.4435848
-1.022410
0.4564008
0.6968452
0.195444
0.2958501
-1.142665
-0.637688
0.7851064
0.09539108
-0.5644833
-0.3944985
0.5032888
-0.1238208
0.08043401
0.08552087
0.5600281
-0.4777771
0.5718841
-0.3724848
-0.2194464
-0.6022933
-0.3214106
-1.065315
-0.2831499
-0.5229817
-0.3607424
0.8137408
-1.170427
-0.7228432
-0.7338274
-1.548212
-0.3802318
0.8233898
-0.4685579
-1.425988
-0.2564442
-0.80106
2.514928
-0.8130369
-0.4047793
-0.4521042
-1.969733
-0.7202091
-0.2714134
0.6058952
-0.3498779
-0.5823435
-0.7545134
-0.009847944
-0.3937787
-0.6922815
0.1663141
-0.3659345
-0.4027257
0.1293594
-0.8288276
-0.1867758
-0.6227208
-0.3798465
-1.112820
-0.5672095
-0.8201011
0.8966263
-0.57696
-0.5239254
-0.6302179
-0.2783986
0.5497757
-0.870186
-2.130460
0.4551979
-0.7013042
-0.6083343
-1.021502
-1.406102
-0.03948559
0.2774999
-0.1273763
-0.6531186
1.038950
-1.006463
-0.001747554
-0.0143114
0.5278174
1.878864
-0.5126219
-1.611183
-0.4301056
0.4901674
0.5289278
-0.05964344
0.7221516
-0.1598777
0.05878764
-0.844616
-0.1083689
-0.1995141
-0.3760876
-0.780733
0.596845
-0.8788017
-0.7988296
-1.605064
-0.0794411
0.2224137
-0.3209272
-0.3800181
-0.2965031
-2.092365
-1.028561
-1.234479
-0.5195547
-0.1364971
-1.069001
-0.6192035
0.4158135
-0.7532163
-0.09065466
-0.7545173
-0.1058261
-0.3145828
-0.6555021
0.5942347
0.3821989
-0.4295523
0.6166765
-0.009222734
-0.04439975
-0.003314913
0.3655185
1.353424
0.7764495
1.450648
0.1661652
1.084091
0.3088846
1.570309
0.2762768
0.9715611
0.1283248
-2.010156
-0.2185953
-1.014463
0.4021556
0.07748613
-0.4804077
-1.163538
-1.220623
0.5393153
2.170235
5.431994
2.970237
1.535968
0.4453998
-0.02054602
-0.08794985
0.01976129
0.3134603
0.7607983
-0.6926025
-1.863715
0.1578263
0.3922252
-1.171532
-0.2605172
0.02302802
-0.3821117
-0.1304729
0.2519130
-0.02805322
-0.08674422
-0.0009859493
0.1071365
0.008044149
-0.8956864
-0.8524736
-0.01275177
-0.3881461
-0.5002212
-0.5303864
-0.6067824
-0.7615937
-0.4830916
-0.7438216
-2.322838
-0.6464884
-0.6889309
-0.9699228
-2.978109
0.6714732
-0.4515162
-2.016586
-1.555258
0.5692683
-1.416298
-0.9002841
-0.9790674
-0.1831436
-1.674635
-0.7766248
-1.008904
1.165244
-0.2706477
-0.7550882
-0.7478257
-0.4202746
-1.088230
-0.8481072
0.2671622
-1.566716
-0.3049119
-0.5286252
0.8353919
0.9155556
0.2195622
1.057585
-0.2246188
0.6717272
1.004852
0.1565752
0.04259892
-0.8334923
-1.243994
0.9657313
-0.3334376
-0.581358
-0.1871640
-1.116221
0.1177831
-0.5228818
-0.9598918
1.506295
-0.656409
2.183936
-1.262422
-2.220469
-0.9712496
-0.9192901
-0.6919145
-0.9438586
-0.8699469
-0.6507176
-1.665302
-0.3042967
0.9193183
0.3304852
-0.7889752
-0.6075848
-0.4806225
0.7942427
0.6281783
-0.1720888
-0.3052312
0.5594978
-1.011325
0.4152326
-0.5028695
-1.058995
1.973081
-0.6107935
-0.664511
-1.755273
-0.5098331
0.483878
3.373632
-0.06384641
-0.857258
3.346464
-0.7603603
-1.190595
-1.597469
-0.0746799
-1.33727
0.008237723
-1.305791
-1.87866
-1.570616
-1.079934
-0.3830408
0.5172099
-0.1660421
-0.5587377
0.4492554
-0.9129863
-0.663393
0.3681002
-1.411475
-0.4599648
-0.9916231
0.2528013
-0.9647408
1.193569
-0.3568481
-1.286100
1.212695
-0.2076340
1.021152
-0.4054788
-1.244486
-0.9563558
0.007600082
-1.497538
-0.6463569
-0.6980753
0.2448838
0.4709581
-0.09379523
2.287053
-0.6187525
-1.457965
-1.690698
-2.171719
-0.1022499
0.5946222
-1.260339
0.9779155
-1.031134
-1.328497
-0.242426
0.6647398
-1.503388
-1.024734
-0.958206
0.8496703
-0.7080175
0.5559653
-0.6668776
-0.5434052
-0.6359942
1.287359
-0.957036
-0.2369759
-0.7165534
-0.8980537
0.1151326
0.4564927
0.3204551
0.8701028
-0.04693045
1.117075
-1.468304
-0.5012806
-1.374385
-0.1213587
-0.3089890
0.7474526
-0.82569
-0.5995042
-1.336368
0.8487138
-0.3091968
2.209550
0.4115926
-0.5603244
-0.8208362
-0.1161260
-2.796113
0.1772742
-0.901286
-0.9446139
-1.408438
-1.260754
-0.4311526
1.060729
-0.3442325
-0.879069
-0.2261617
1.262364
0.4001228
1.255402
-0.002084475
-0.6747244
0.6557472
-0.5255878
0.5239823
0.9473315
-0.01815940
-2.055515
-0.5055396
-0.3489136
0.8055954
-0.3235538
-2.003669
-1.086236
-1.159243
-0.2096643
0.7725877
1.442028
-0.6771392
-1.934307
-0.1506086
-3.401258
-0.5153188
-1.310543
-1.419943
0.4677877
-2.153887
-1.868563
0.2322643
0.3055276
-0.6539341
-0.8924636
0.8879766
-0.2204085
1.020152
1.220943
0.00766498
0.1240664
-0.583095
0.3473689
-0.9158013
0.1871786
-0.2235392
-0.752995
0.7037861
-0.4757046
-0.2817525
-0.8591293
-0.3470949
-0.04733901
-0.4253803
0.4289736
0.02077121
0.83419
-0.4815823
-0.08731066
-1.255667
-0.6585108
0.3034930
-0.3531470
-1.107138
-0.348276
-1.218446
-1.075023
-0.8924414
-1.319069
0.03570399
-0.6063382
-1.086517
0.01094084
-0.3418087
-0.3513912
-0.4490829
-0.5393386
-0.6301771
0.768021
-0.1805759
0.0245946
0.6356706
0.0849993
-1.319331
0.4301838
1.125483
0.9552844
-0.295768
-0.2699582
0.9054788
-0.3237291
-0.9133465
0.3306566
-0.5063406
0.07132382
-1.647795
-0.5043197
-0.4398095
-0.2390759
-0.7430182
-0.251468
0.6765555
-2.447611
-0.09627997
-0.614603
-0.7485898
-0.9488108
0.08213514
-0.8042292
0.6689997
-0.994142
-1.335292
1.401220
-0.9226738
0.03442574
-0.7752974
-1.598688
0.4321194
1.074330
0.2637423
-1.137822
-0.6128078
-1.019594
0.2456619
-0.4384466
-0.6114124
1.027888
0.696732
-0.5319223
1.888877
-0.4097261
-0.4475027
-0.8258065
-0.7167246
-0.3196047
-0.8857573
-1.242502
-1.120927
-0.3560143
-2.61034
-0.996997
-1.573872
1.559872
1.762821
-0.9277703
-0.09490555
-0.1888071
-0.0960365
0.8855231
-2.101611
-0.06222544
-0.379489
-1.624881
0.2359185
-0.7032581
-0.1205022
-0.2260384
-0.1661524
-0.5152359
0.3958441
-1.230387
0.2696536
0.6498515
0.7880069
0.4551903
-0.1809060
-0.0600015
0.00796817
-1.178812
-0.878069
0.9702406
-0.1010000
-0.7036302
-0.1996679
-0.5971074
-0.3973805
-0.6215672
-0.3004497
0.2837323
-0.1810681
-1.854879
-3.208544
-1.296613
0.4301703
-3.432086
-2.205607
-1.522771
-0.5567355
-0.1817631
0.9873546
-0.8055402
-0.1807888
1.517837
1.829030
0.7032904
-0.0717166
0.5082427
0.4494592
-0.2785886
0.6032073
0.6188283
-0.815353
-0.5680065
0.02381937
-0.4364449
0.3349660
-0.3136631
0.6625061
1.299617
1.138977
0.2615669
1.164270
0.3347643
0.5824047
-0.6019165
0.3997463
-1.109621
-1.101673
-1.190396
0.2360387
-0.6157989
-0.3744233
-2.361001
0.8673221
0.3702381
-0.4666724
-2.681226
-0.04738854
0.2723879
0.6486039
0.6014205
-0.7918311
-0.3793452
-0.4293906
-0.4661761
-1.348547
-1.365061
0.738999
0.4458707
0.004929356
-0.07506137
0.7462824
-1.099301
-1.066908
-0.2430161
-0.6626156
-0.02772997
-0.1829883
0.02745665
0.2475869
0.3360551
0.4908004
-0.04719149
0.443964
-0.5517709
-1.534965
-0.1930678
-2.194828
-0.08975537
0.3250977
0.4200657
-0.5231664
0.2768362
-0.9607057
-0.4347025
-1.988101
-1.358549
-0.4316411
0.8409138
0.9663989
-0.8923018
-1.954218
-1.629632
-1.165079
0.6226561
0.6287501
-0.3493488
-0.1476105
-1.141998
-0.3638639
-0.02042569
-0.6866912
-0.001287312
-0.7287316
-1.407424
-0.6710203
1.031511
0.2728546
0.679145
0.02706266
0.08411915
-0.2465086
0.3675321
-1.109548
-0.4061675
-0.4758863
-0.3616693
-0.7075963
0.07338839
1.447529
-0.2019047
-1.151386
-1.564372
0.851324
1.110471
-0.521071
-0.6140416
-2.031174
-0.5947861
-0.8595791
-0.897474
3.242332
0.780335
0.5374373
0.4529014
-0.2620660
-0.4506947
0.421939
-0.2461952
-0.4586784
0.3886926
1.42924
-0.2006563
0.1215185
0.7200616
0.2282314
0.0707954
0.4103891
-0.3386911
0.3203722
0.1145068
0.4917022
-0.1427321
-0.5068118
-1.618655
-0.2979461
0.1970125
-2.095630
-0.6349525
-0.2302051
-1.483525
-0.001333165
-0.3402529
0.8088854
2.284175
-0.9448532
-1.344811
-0.2870839
-1.427033
-1.439814
-2.00971
-1.898172
-0.07699578
-0.4510875
-1.160792
0.2093206
-0.5785465
-0.748541
-0.0864993
-0.8491562
-0.3857876
1.099179
-0.2864086
0.4674589
0.0668289
-1.389305
-0.3183863
-0.07965113
-0.2256247
-0.1252592
0.1660752
0.2201506
0.9691555
-0.9710029
-1.326005
-0.4172077
-0.3751084
-0.4555274
-0.03674993
-0.7385387
-0.02354278
-0.7320727
0.993678
-0.2418497
-0.785115
0.06584905
-0.02821502
-0.4997892
-0.3375790
-0.08934715
0.0293423
-1.248622
0.09906949
-1.103444
-0.3712331
-0.7000528
0.7595299
-0.9454768
-0.2162535
-1.618787
-0.8573458
0.1818530
0.7534522
-0.5751937
-0.1125682
0.827603
0.4175115
0.2156017
0.05325422
-0.3041077
0.4207562
1.549489
0.2708702
-0.5611912
-2.279390
-0.5973618
-0.04393542
0.3010819
0.6054987
0.08172285
1.206176
-0.03625178
1.178300
3.822315
1.401783
-0.9341644
1.384228
-2.474746
-0.7585009
-0.08508488
0.5586481
1.236376
0.911269
-1.829119
-1.265034
-0.2893756
0.8984509
-0.2969155
1.239816
0.4898954
0.09030284
-0.5578191
-0.1222698
-1.534612
-0.4783219
-0.09016699
0.2242365
0.1868451
-0.1313602
-0.2655294
-0.4247094
-0.1525317
-0.1940487
-0.4673375
0.7654865
0.3688257
-0.02180501
-0.7265977
-1.222654
-1.140211
0.7514007
1.051487
0.4146456
0.5547158
-0.5957002
1.194572
-1.669064
-1.606509
0.6210997
0.7212008
0.5638413
-0.04691393
-0.3211293
0.3168007
0.819668
-0.1500426
-1.092377
0.6205252
-0.08403155
-0.2041762
1.852976
-0.499193
0.9130573
-1.574722
1.841083
0.6976665
0.2665513
-0.187481
0.2669004
-0.03612566
0.08865992
0.3148841
0.7811888
-1.125559
0.332635
0.06383779
0.1080300
0.4332729
0.2073584
0.7878405
-0.9855679
-0.5016683
-1.407986
-0.3656794
-2.002164
1.134331
0.6743484
-0.8596498
2.528633
-0.5815481
0.08038369
0.2838891
-0.9408985
-0.422191
-1.074861
-1.081852
0.308274
-0.2757906
-0.688393
0.1660564
-0.5804822
-1.143159
-1.903959
-0.818226
0.4132445
0.6411875
-0.07578794
-0.9225967
-0.7089788
0.1505277
0.1017559
-1.27418
-0.1058506
0.2494606
-0.8349381
0.09339164
-0.07623586
-0.4783144
-1.313432
-0.9459809
-0.5406011
0.7056938
0.9733572
-1.006297
0.7884272
1.215632
0.2690857
0.1528487
0.7086109
-0.6054844
-0.4405951
-1.031244
1.147413
1.307102
-2.250157
-0.6947707
-1.233156
-0.1176317
1.787538
-0.04431248
-0.7367913
-0.7855933
0.858384
-0.6459321
-0.2791829
-0.6837714
0.5531494
0.1212298
-1.288782
-0.2957106
-0.3934851
-1.335264
0.1227363
-0.9302454
0.1244063
-0.2983087
-0.08121372
-0.203263
-0.03436254
-0.2596750
-0.4806473
-0.6123664
-1.110478
-0.94206
1.601002
-1.439307
-1.670813
-0.8852721
-1.839000
-0.1405496
-0.4617215
-0.650837
-0.792187
-0.3589932
-0.0183293
-0.4562039
-1.201935
-0.7172817
-0.3682785
0.792263
-1.577674
-0.0887294
0.1046218
1.115472
0.07767438
-0.6187262
-0.6279497
0.6839105
-0.006272685
-0.4441681
-0.2741087
-0.5080384
-0.09746835
-1.234469
0.3613407
-0.673822
-0.7162985
-1.133098
1.312544
-1.141221
-1.332465
-0.1331222
-1.081186
-0.5965619
-1.545841
-0.96801
-1.056685
0.6266896
-0.8985263
-0.5877175
-1.445324
-0.7073883
-0.1527163
0.4497052
0.8428477
0.6669155
0.3365631
-0.4470072
1.093049
1.337150
-0.094377
-1.084774
1.022472
-0.6734225
0.2116314
-0.767283
-0.176738
1.903128
0.1099150
-0.02140973
0.3518032
-0.02755484
0.1005971
0.09029426
0.3385312
0.2522328
-0.05191922
0.8707603
1.370913
1.288877
0.1548074
-0.2314349
-0.2609522
-0.06084722
0.07476736
-1.131719
0.2462051
-0.4527835
0.607176
-0.3345914
-0.9463583
0.7702607
-0.1061649
-0.3625837
-0.4557714
0.2886420
0.3922894
0.5564627
1.636001
0.2569218
-1.100406
-0.0001532314
-0.923901
0.1572039
0.6880957
-0.1441141
-0.3178751
0.6053073
0.2833015
0.440523
-0.8466445
-0.07944816
-0.001924818
-0.03111112
0.1747478
0.964902
1.380611
-0.6292637
0.5795039
-0.03649837
-0.6988012
0.3217890
0.2596947
0.3736947
-0.2750231
0.8039756
0.9691955
0.977962
-0.5746972
1.008037
0.3019498
-0.3025222
0.7122673
0.1182280
-0.01857412
-0.1681820
-0.6647406
0.609345
1.426903
0.2091673
0.8554509
-0.2760322
0.2914124
-0.5283545
-0.2299701
0.5658449
0.9700614
-0.005665847
-0.3106188
0.1003436
0.1107004
0.3609538
0.6815406
0.5678063
0.4316873
-0.1413763
1.508180
0.9453765
0.7369444
1.302734
0.4831508
-0.04817587
-0.5150429
-0.2578058
-0.2519313
1.508887
0.820306
1.087157
1.190970
-0.232522
-0.1373273
1.357169
0.504327
-0.003375368
0.8951058
-0.8222531
-0.6178431
0.6573355
0.9383583
0.8475742
1.309783
0.3420306
-0.006223358
0.4582713
1.0296
0.3455402
0.06981387
-0.4731612
-1.417377
0.5063513
0.1777543
0.6603924
1.055566
-0.5132154
0.8890111
-0.6020561
-0.04743789
0.973111
0.5227177
-0.03540042
-0.3724979
0.9972781
-0.1397260
-0.3502646
-1.064783
0.3764896
-1.343474
0.8885941
-1.320005
0.3370624
0.444266
-0.4288961
0.4150099
0.2113954
1.008232
-0.1448406
-0.3158716
-0.7584102
-0.2148674
-0.4638841
0.1381887
0.6429865
0.652657
-0.9683594
0.501957
-0.02228081
0.1006299
0.1493861
0.2253752
-0.7173598
-0.8225483
-0.1396385
0.1475351
-0.1580036
1.451430
-0.5959256
0.7205341
-0.5321645
0.7716302
-0.3770477
0.2636381
0.6262856
0.6885234
0.2070980
0.9069637
-0.6445479
-0.2703933
-0.4060201
-0.1460639
-0.2020977
-0.3186603
0.8082699
0.7011385
0.02809251
1.314683
0.04110201
0.5042641
0.6640678
-0.9864923
-0.8561156
-0.7179791
-0.1878869
-0.03762478
-0.5912295
0.8701502
-0.1216322
-0.6861471
0.690432
-0.7328557
0.1092865
-0.6553965
-0.01845936
-0.3735472
-0.7797115
0.6672909
0.7188698
0.902839
-0.01420858
0.02944673
-0.5644569
0.02043164
0.8686524
-0.1241425
-1.694801
-0.3232830
-0.5674826
-0.1017128
0.2000735
-0.3767707
0.4475064
0.7826108
-0.3002140
0.4480139
0.6275876
-0.1920788
-0.06982324
-0.6540847
-0.09953817
-0.05855926
1.536666
-0.005637773
-0.5291861
-0.05284524
-0.690942
0.2913665
-0.830988
-0.9178152
0.2138576
-0.8326777
-0.497293
-0.3329916
-0.8041412
0.724721
-0.02211357
-0.4521542
-0.03708267
0.9873396
-1.159722
-0.6739627
-0.4715769
0.033181
-2.002174
-1.048982
-1.370320
-0.5565337
0.3019517
-0.1676893
-1.123445
0.5556604
0.2674021
0.03389454
0.07479153
-0.4064712
-0.918696
-0.6746686
-0.1358387
-0.7340958
-0.3563937
-0.2814105
-0.08218851
-0.07635624
-0.7679392
-0.03758738
-0.9566362
0.22409
-0.2733432
-0.3815417
-0.07534746
0.1796826
-0.4668505
-0.5776232
0.8960994
0.3021729
0.9549884
-1.153590
0.614439
0.0761233
0.7905253
0.08580347
0.4603216
1.006004
-0.9917591
-0.571794
-1.165303
-0.8056032
0.2590914
0.6620659
0.6382304
0.3632227
0.3375083
-0.3306411
-0.5502947
0.04726925
-0.7332105
-0.1404985
0.1437108
-0.4604167
-1.155032
-0.7512861
0.1264859
-0.5078202
-0.07271793
0.02933181
1.232005
0.829124
0.7230034
2.646793
-0.4963475
0.5951923
-1.258204
-0.02523171
0.5292558
-1.624691
-0.2746542
0.6550612
-0.4729233
-0.4670517
-2.155153
-0.4172482
-0.7382447
-0.443399
-0.9456767
0.01788605
0.3811413
-0.980963
0.3399394
-0.3756577
-1.173886
0.965066
-0.1638845
0.01504917
0.4913122
-0.673552
-0.06480622
-0.3954702
-1.160965
-0.7638633
0.5455772
-1.697008
-0.5635254
-0.7834704
0.4381955
-0.2342227
0.3023435
-0.4589887
0.1966026
-0.1846378
0.398229
-0.04328669
-0.6360078
0.2862850
0.8933358
-0.5364783
0.8399026
-0.4258963
1.620250
0.0652092
0.1508625
-0.03912253
-0.3937942
-0.7865037
-1.544008
-0.1851615
0.05325791
0.1040490
0.4397433
-0.5243752
0.2785905
1.652249
-0.4840892
0.5219739
2.057356
-0.06424413
0.01262921
-0.4308447
0.2289330
-0.5497926
-0.5334087
-0.4152413
-0.34233
-0.2225461
0.01882546
0.3852214
-0.8601178
0.6353491
